25172
24861
16101
9020
7197
19525
8224
16976
24765
24819
14419
1074
16654
15814
7926
3839
24885
20065
12781
10388
3547
7317
12802
21930
10499
12503
6868
15003
10024
16611
16013
24503
18875
23387
18030
20478
950
21832
10358
16482
8612
8526
14746
17600
23943
2535
8972
1997
12101
14540
200
12318
13619
24835
2338
2556
23114
12545
2952
25201
5468
8222
25346
21927
2530
11241
3466
13056
12927
12380
13276
7844
16594
1343
10539
3286
9133
6532
18517
10477
5465
17692
3843
46
23452
15457
811
23488
15821
15582
16521
3063
23915
22806
25159
9184
6009
16056
7853
12414
6340
3409
824
16347
18649
20373
17419
18109
22699
13482
2949
4428
4355
25069
9283
8854
25543
4777
21281
5210
15805
18562
24932
25179
7717
13190
17874
19791
25575
14707
8824
22979
4511
25917
14976
16123
25354
22269
5807
22527
1653
23293
22901
6456
22989
19961
13164
13597
4513
9306
22284
13196
18757
9433
15708
10458
25408
21754
7280
23233
8369
17824
19340
12053
3119
25660
24479
12496
23485
22900
7586
10801
17823
22404
12786
25006
1611
25143
25034
21436
13526
9572
24499
6575
23841
6635
8116
6835
19657
19356
25596
16545
13801
9471
17393
7204
16352
19114
19090
21596
8879
9656
20576
8408
10652
17655
3502
7712
1000
22834
492
11861
15538
20574
7956
20635
21171
6222
7689
16766
23770
14854
12507
23864
6388
21824
11622
593
9890
15685
4960
18034
21825
7935
1841
22758
19440
25286
16032
18778
570
16647
3939
3824
20765
6700
15552
12406
14007
21321
8072
23204
11964
18051
17082
14157
1405
17807
1613
10910
11607
18943
615
2449
13026
16659
6387
23552
22189
25443
17021
2404
23674
4632
14346
3858
14834
15189
3283
14181
4023
9482
3372
21508
4146
25043
16414
8045
10765
14512
12213
25565
11275
14932
6823
20774
10251
19939
19387
20664
22
24955
16393
449
13647
7525
23110
13649
3766
8520
6364
17538
22032
17134
23907
17828
8727
10805
21178
17172
18487
3033
22504
24615
88
5143
13995
12423
9249
11175
18668
12365
4640
1857
4782
5639
9616
15614
743
11026
17819
22574
6971
20562
15799
2623
17817
8503
4483
1186
773
9313
8375
6411
18365
4743
14808
12710
21630
2774
10942
5134
1995
11445
4834
5211
23693
16128
1353
2085
3048
14286
22278
13971
2165
20391
15714
22953
3812
9082
18225
8031
3730
6963
9639
22489
22621
18444
45
26181
7459
11293
15659
19089
12051
7524
2742
12553
7045
2155
20122
13346
113
9021
19678
19586
6708
9722
16882
17022
9208
8151
23137
13008
20014
15880
13469
7013
10350
24718
15933
15245
6512
23712
9869
14648
15244
4755
18453
7444
7635
15010
17156
23721
14265
23441
22366
6421
11696
7264
2193
1958
245
20618
15144
20853
26196
543
5812
12135
2475
23474
19909
21928
1563
14379
24616
17580
5065
4364
1023
6271
24617
19677
23241
18952
15145
18396
17584
4639
2133
23382
12928
17330
22779
12422
4846
6610
19423
4512
18095
1858
22601
19573
185
17751
6892
22793
8280
351
215
14766
19645
19446
19107
1588
9360
16083
5365
4983
24696
5773
9124
4575
14485
1310
5346
23647
23186
14627
13615
17250
9643
9785
4284
16674
15623
21864
25094
13837
15194
8730
16817
5953
9255
22691
18866
21012
22887
10041
3280
18894
2212
23403
14807
4164
19865
2741
21847
12851
7384
25758
11472
7091
5901
882
18340
920
5564
9127
2823
2501
22177
5131
22324
6525
26039
24474
3820
14373
8448
18000
7650
1293
19707
19992
17472
5629
22937
231
2980
15148
2621
23481
10926
6830
2055
2560
20108
22523
12453
20587
3501
2342
10923
12491
13067
8376
23758
12472
8365
24203
727
8457
244
15478
4765
26013
21379
25572
23038
23910
1339
22476
7522
16389
22917
15917
7383
21491
7087
23051
10153
19955
24814
2249
8672
6611
12074
10615
12615
15357
17731
13990
7311
18913
22265
17932
10822
14004
20001
4515
6737
8888
8732
18940
3990
22377
23302
10406
20567
10022
2182
20000
4080
15166
19093
13614
22778
23351
12968
13060
2512
10427
23420
20613
20850
20924
10588
1675
11815
3058
6179
15150
2771
22426
25540
5655
24219
5385
16349
17979
15108
10895
8335
4952
17543
13556
26065
7038
193
22815
12266
10819
13199
20954
676
3677
4466
3310
24057
2169
5209
5938
18724
5302
16084
18739
23991
15184
3731
23577
12085
624
24293
19640
23649
9099
18719
8187
1981
19879
21495
4242
20716
26141
9800
6626
18174
3595
25271
17038
15931
18720
8579
19607
937
10310
1787
14982
22100
18540
2368
16087
23944
17231
25916
16070
853
7154
8441
19434
2465
15321
9335
25396
25235
25698
2591
18745
16148
19489
10762
574
10711
15409
13282
16722
16726
16876
8851
15416
3099
17626
2309
22598
3877
22741
21861
7719
4354
6544
19463
18185
20663
18141
25998
24706
9018
14374
2410
17385
1151
24294
15414
22903
13404
4488
18743
19687
6301
1234
25053
23628
6774
10243
11919
9964
15123
6468
23146
3006
19801
20526
20517
18210
15678
23950
14809
22466
17546
10500
17001
14599
18013
19940
17559
17827
21646
9143
1408
7024
18736
9889
14647
9147
10381
6896
9736
16889
16576
21391
25378
16310
21650
18521
8193
2654
3890
6857
24489
6494
2526
14431
24439
3102
1044
11082
11785
4975
4241
17382
12049
7584
14542
19568
14357
15479
16332
1341
7355
6264
4422
2042
4273
13813
2474
1877
12312
20328
4525
4103
16608
93
16708
7899
20148
4068
19146
12637
12141
5934
2239
5787
10055
6265
1045
25496
26048
26019
19880
19314
18238
26180
1265
9755
25080
4446
25684
25910
19316
23095
15126
16881
20644
1839
20116
15562
3534
9264
4877
17426
8862
2250
4748
25205
11015
5621
20534
20511
339
14767
17439
3323
7579
23708
21653
6905
62
2072
13702
6482
18227
199
24148
16265
3511
17245
3164
23967
18447
24160
21814
14009
2710
13929
17794
11416
8823
6907
25289
19923
19545
20532
25359
5067
3719
15784
15683
25060
9025
24023
24944
17875
19517
10871
14033
12587
20303
11148
12160
4289
23145
19809
13501
9135
7357
19246
12788
9397
5412
3651
22119
25516
4000
23559
5172
214
5435
10590
25785
25086
500
8476
9892
16741
15786
3526
25435
9937
10490
1519
20309
7267
21638
6033
22242
23896
12627
19297
10039
9732
7824
3967
19004
22018
11372
11318
1694
25469
11442
23751
23266
14424
1736
19462
2614
25057
11902
23622
23870
12252
9026
25111
13673
15395
15559
13142
8063
4416
12373
14128
9511
13740
9419
2805
4550
1217
1674
3265
18032
17228
16837
851
10158
2846
21075
5555
14102
5993
9522
21316
13600
19738
25980
1375
23637
11182
3632
24101
24385
14497
8391
3716
15383
2047
7105
6183
1425
23836
5601
5597
7991
14369
8625
11609
13369
2443
2340
17738
16946
22457
16906
17583
8184
25977
6918
23134
1430
573
11016
10818
21149
12687
26127
23681
4102
10376
23939
17911
7578
13999
7481
8122
9769
21614
15325
7563
23741
1229
17016
15477
24939
16719
11107
18140
5712
20168
17997
3231
11464
8261
21931
8549
8589
14924
16994
18544
2332
24753
17286
17443
3312
141
4376
25251
16115
5578
22144
21583
10383
21800
10969
1520
888
16958
7350
7007
10623
12070
178
6288
24199
12016
23107
2115
25948
25402
18250
5605
5107
9829
3293
21432
17463
14747
25554
6172
8592
21550
2287
5542
24220
19324
21910
2558
8049
2982
18910
21629
1488
11028
22730
9895
25158
19997
1620
3909
14864
9907
4624
3922
18457
22393
19131
10096
19974
11493
25304
3814
3655
20250
21030
19705
7096
15999
15173
18942
6583
2144
3055
12885
7877
2185
12386
16888
12066
16778
1008
11824
20808
21815
7893
23805
5668
25108
19204
2001
20683
24126
7125
24490
15793
10000
9432
19219
21634
10130
13220
2420
22423
6934
18511
4180
12679
8701
22503
8511
21051
19351
19962
19048
8055
10931
18880
18909
23476
1125
10550
934
17603
5579
17331
24924
2883
7533
3872
16102
5230
18543
17956
16584
20375
3878
10062
16270
4708
24295
22376
3633
8680
19605
6810
17739
16694
5510
19578
12334
1124
17039
1818
13328
7126
3681
4552
23492
19443
13992
13422
25777
6056
18143
15935
12606
18276
12308
11604
5175
26023
13205
2457
25557
15669
16495
22975
25562
15209
22899
8768
23509
8787
17569
869
24
2826
18102
1267
1511
20772
23248
10211
20257
15455
7307
14176
124
15300
22394
20647
25189
7014
21027
23363
345
14372
13411
12660
11053
26178
25849
25829
22618
13355
8968
22696
23806
16010
16368
24270
19870
22610
1728
6082
5656
18488
11621
8312
3113
9038
8669
22318
13558
16475
19080
5464
8666
2922
2848
15608
10791
7801
4896
20595
491
10247
6465
3321
15891
3059
9649
1093
106
15580
4631
21032
14079
20552
23355
11011
2568
16754
18783
4468
25125
7090
5717
22188
16357
16006
12130
21089
2200
25978
22497
25628
10113
7050
17285
10657
12306
12860
21707
14547
18182
1498
22415
3652
5769
25442
26190
19248
21407
17099
3561
9943
11733
7245
19159
9710
4269
11017
17414
4712
19013
12212
20616
2385
10956
11602
5636
17988
14337
10253
14325
2326
5849
20182
14616
24943
17268
18867
14558
1098
6175
18234
4351
7072
18899
13013
9341
4705
22369
19808
19741
1078
17721
5164
13371
17116
9387
11640
18971
3937
19216
23558
17359
20780
23514
1668
4835
23614
21562
95
22951
21708
13384
16278
22462
24705
14430
9207
1968
15942
1373
16696
2870
11572
4773
8475
19022
7802
4847
12739
6808
22108
4143
21777
23555
25718
10842
20033
18408
7277
10532
8721
22083
15372
18685
15005
17075
23093
14710
17157
16415
7046
15682
19900
20947
17187
12040
17994
3383
17174
17924
2335
8208
16108
302
6702
11490
12842
11495
3804
5194
4032
19612
24454
5116
17345
20346
24453
3076
23723
1058
14165
21547
18381
1667
19562
14661
24371
24477
11610
9126
22197
7601
12691
3853
8718
20432
3441
21866
5218
3173
6030
3593
3927
7504
19059
22074
2485
15251
16020
21287
12286
11801
20119
12884
21929
17208
19168
20100
6094
16210
12742
10655
13096
8305
22507
1280
13520
16921
4458
24833
9216
19675
11591
23686
10824
22245
13480
14562
15912
8387
6434
5547
22831
15160
21205
17248
7883
15973
7023
4377
7442
192
6867
4959
2087
2993
13364
14969
24845
25379
12980
2661
11402
11132
8067
20956
24029
10549
16159
4046
5262
22798
25940
15528
22439
3345
22611
17984
9066
16274
5695
24592
22147
18592
22765
11102
18037
4713
1840
12492
16162
6824
25931
23945
2720
5634
1738
10597
5606
24475
1386
1658
2566
23298
16779
20886
9870
5052
1149
22644
16953
23344
7188
17379
23720
4493
23214
21048
20421
6864
12971
21543
25319
6828
17991
23470
26067
3630
13177
7911
23149
19493
12874
19215
22726
25528
22966
4115
25836
23511
12938
8279
7209
1508
6815
19954
2450
18208
12981
14709
22421
4125
17182
8922
23989
4724
4472
17465
8374
18271
2511
7452
6904
18065
4301
19527
22493
15175
22082
22722
24614
8807
8523
23299
8552
6804
24559
19624
24110
25480
19454
5136
17089
18001
14615
9417
24959
1347
16718
25228
24841
14376
3594
7725
23713
15435
10004
3452
6442
17681
2620
21592
20942
19501
9968
14383
19895
19964
2516
21998
8643
21779
24942
11967
22876
5184
9017
8876
13831
8471
14952
22246
3752
24174
1685
17289
11231
12149
12654
9993
20129
21165
17131
17266
18790
15625
11447
25569
19179
17086
22993
9629
22929
16011
5957
12118
7716
25541
3316
14090
11865
18397
6077
11233
9759
15163
6076
8629
16483
12806
23151
3037
22336
10726
9712
21776
26038
24860
1090
22790
4635
4759
3553
19723
15571
1404
2562
11199
18552
281
17878
4275
81
5287
11444
24330
19084
205
9075
6895
17308
19464
21798
25272
20902
2142
24601
23858
13283
11979
3916
5352
5729
4382
18585
18586
11114
24726
19081
27
20513
5417
13352
2255
16568
9090
12678
18723
3982
21090
24589
2080
6390
22770
320
9030
21315
17464
1594
1897
5602
6024
18042
20827
16967
4588
21100
21772
20086
13529
18619
1104
5427
18751
13322
11899
1321
19167
5125
17843
4433
13711
23409
23863
16899
8134
21727
7625
17778
25316
25215
14089
14967
25382
13683
21778
10501
3451
13029
2713
11746
10456
15329
7449
8774
13624
23880
25902
7463
19433
1992
4353
8340
19150
12478
1014
5497
10983
5407
3420
16729
2049
9915
23576
731
6908
25444
18879
1727
12701
20620
10235
17850
16858
17389
24578
16770
896
21968
17113
24444
15959
18233
16258
4135
1854
23855
24372
5233
4583
14550
1279
358
2394
7615
1403
3977
13310
22721
19207
18973
19810
11047
21289
4013
5730
20059
15252
26167
8254
15943
13714
11719
9986
17207
16765
8916
1765
22184
899
3032
18193
4249
7511
3718
13955
836
11712
3412
21665
14351
5441
22734
23246
13847
15235
11491
4814
894
2915
18758
4302
1711
1963
197
8299
2991
18088
7510
11670
7104
17808
11876
4211
17294
9763
24114
6627
23689
18299
21152
20231
15913
15585
18579
5434
14552
18648
8053
13651
8069
15311
9893
4490
3618
19945
12056
20879
12688
1776
21943
15816
4697
16649
2761
18331
2044
19206
20207
365
12675
12311
135
6408
22830
16469
22105
15066
11223
5246
10841
12337
15419
18924
16506
10391
3292
23901
21860
7985
3243
24781
321
21853
5825
21339
20543
20537
21823
9485
10435
5809
2059
22372
24140
6941
21771
1941
9647
639
7015
15846
16333
5227
21705
18097
6218
5259
22225
22275
1608
17981
23506
21220
2912
19442
1606
1323
385
15850
23620
14377
24332
3845
20650
3683
14664
16963
19710
23163
6748
16065
23225
6746
409
24620
10476
18344
10684
21621
12640
4018
9414
18105
6337
2356
24762
19703
11400
8630
21994
12187
11910
6317
24734
15664
17665
482
3411
7541
20424
22894
11806
14541
8074
25102
15127
18524
15396
9980
14344
24163
14385
1832
4555
941
16640
12614
15495
24970
78
12155
11613
4255
5251
18256
18337
15305
1254
4771
11868
9713
15316
12389
15718
22502
8216
15258
7071
400
4379
6541
11227
14498
8195
15951
16935
14667
19978
2009
1855
2527
75
21995
18286
3096
7450
26051
2959
13989
15301
13659
11401
5541
8458
10601
26100
5794
20934
8505
12268
22811
20169
17135
14093
11700
11951
11630
22837
20662
16174
17589
24034
11612
9392
24252
6806
2770
4195
24402
13481
232
8737
9098
16742
1075
15666
9983
23153
9389
18904
17536
5827
7485
6527
6351
10881
6891
3953
14991
24456
18091
19161
21831
11891
20243
7446
6095
13966
24506
21615
13333
2752
19233
19149
20597
733
19609
12763
5408
14123
12065
21409
10496
17764
1172
20002
4247
11379
4139
12712
12720
14324
164
12733
17126
2851
11052
1914
21029
11617
5485
19800
312
3980
16962
1407
24001
7715
4283
23256
26
8219
8920
4966
14003
17274
4298
18941
1859
15192
25486
19784
8211
3999
3679
9862
269
12735
20495
3944
19877
8128
25648
9974
5488
20004
17149
8298
4138
13622
22603
19101
20533
4825
9593
15589
122
15250
8928
495
3965
9458
18375
5622
17968
10439
21162
1311
3873
2075
4182
3983
11093
23224
953
8710
3053
25903
2388
16955
8801
12695
15420
7727
369
19557
20787
8200
12302
25050
21723
21017
14308
4290
17273
23064
5166
114
3066
24960
65
357
17337
8517
2307
4442
9735
25896
17859
17592
15596
18920
12803
4673
26176
750
19641
24870
2630
6724
24248
14403
12263
3228
11557
3654
17944
19469
2341
12641
15920
6641
6160
3197
19475
14638
15972
2536
25383
22555
16041
25209
18246
13319
6380
21125
22879
19109
15306
8815
5672
22832
15400
22528
22046
16931
1545
7069
25996
12659
20641
4756
18443
18667
12110
26157
9241
12709
22725
6711
3052
17800
10996
20427
14067
15657
2074
10354
2936
14051
2202
24271
17233
21563
25710
25553
14933
2190
6375
20217
23297
18623
18580
25436
10519
10986
260
14414
12247
25107
7386
18741
6675
20315
17401
9194
5771
5608
17797
4258
25439
22791
379
16575
13680
5367
19144
11112
14983
13174
9217
5355
6863
23099
20046
3204
25937
21608
25585
414
18782
15422
20344
25419
22738
1150
11183
7095
22483
16607
1248
18681
10026
19350
25959
4703
7447
16730
19957
9764
14370
16590
16231
3387
10117
21848
14340
4052
7774
23385
523
6543
16486
20030
2773
6529
4634
7475
26088
5767
10246
7206
26170
23458
18946
23986
18983
4015
2803
23096
12409
20101
5109
22463
5838
7103
13636
13713
22028
7882
5739
24708
15217
21159
15665
12749
16819
18558
8282
4766
4870
9659
25607
8871
17090
8150
13864
23161
15774
23216
26193
8215
12287
3056
23665
8978
15170
18788
16937
21944
3418
25597
18052
20258
3765
15663
11426
11840
19012
11811
6266
20305
11077
272
23673
25114
6944
13749
8969
1006
24060
17392
21469
25112
14865
15941
6558
16877
21710
24888
22599
18008
13653
11284
23477
450
6154
10919
1059
16039
17821
13705
11125
20536
3631
25988
18742
12043
26044
22890
9095
7324
11563
23454
20553
25180
2143
19457
16831
10543
21341
22693
23920
20052
21156
16177
11661
7042
10794
25850
26138
17396
3386
23383
22321
13712
18215
15365
11734
8742
80
23063
25615
26159
5835
14690
14818
11788
10526
10463
21438
12639
13528
14628
21317
18158
5266
25405
2350
20783
21157
16511
10763
16945
11194
11121
21130
7594
2203
22051
16107
23306
2926
14781
17161
17017
6023
13616
396
364
15214
4989
3178
1829
25204
18870
9092
5848
18125
1982
547
20062
179
11109
15524
25589
24204
25911
6533
140
8155
18684
25870
13388
18676
5216
21466
17127
23429
17564
15974
23883
13389
3955
16022
8504
24722
20645
6158
4213
23264
11892
9128
3850
26021
7246
25091
17934
3194
3532
9946
17194
293
165
183
3685
6156
11066
4484
6219
24568
18160
20236
11470
17804
26194
10268
5674
23909
2081
2664
25872
18622
11032
21830
17729
12296
23423
7768
4625
20959
22290
21718
17825
20173
866
195
21142
1109
5851
22224
22826
15971
6530
17599
6911
6707
10555
3917
17309
18398
6858
15366
21806
19927
19781
3743
25250
12313
5659
19325
3209
1116
1157
16334
19495
4426
677
403
22556
5061
16743
1278
20893
8178
23304
3430
5995
8047
19806
8868
24431
7999
12611
12861
19585
9922
2504
1896
25220
6838
3946
6913
11611
1985
4700
19682
6078
18549
1796
15159
24731
18235
16234
4189
18373
20557
20191
25358
20089
921
21158
24340
10620
10162
4760
930
17189
6513
17275
3449
15353
25863
6738
10825
1327
4798
15717
8048
1966
10918
16262
15616
4104
18995
22839
23683
4967
4431
25668
6376
18152
7769
16471
4117
25844
12260
1595
21587
1910
4554
16498
17939
9316
2293
6184
3207
5271
4265
5267
18196
23303
7597
20335
3034
19686
24713
17306
25449
14652
11583
4878
14620
9988
15829
25181
9023
16589
12324
2789
14711
6506
9037
13483
23623
12498
4650
2797
16900
20383
864
17683
18122
11002
23092
20106
2490
5570
9984
25783
12166
7039
3910
9188
20515
16336
21433
20435
19980
71
16727
17249
13521
8513
16324
26059
16749
13682
26005
14319
23727
8403
23529
24032
4081
24471
3819
1029
21613
9450
20184
2607
15667
5353
15205
5130
4451
3450
8398
9327
10468
23968
16800
24877
7645
9103
16801
18633
2243
3811
914
3442
1493
4069
1101
17854
15382
17590
12165
22746
15715
1028
9924
12262
8541
7811
23135
17501
16213
16335
19078
21699
11841
22436
5359
19301
13684
25152
21203
11820
17019
17121
9597
12291
13320
9314
13292
6943
22748
8198
13010
12112
17440
17861
6280
9439
18154
17180
12868
6431
10896
20915
22848
18297
15198
18067
19642
8179
5862
26004
25729
24009
283
21194
10351
6667
6825
16676
1860
2655
20008
8641
2386
2592
19580
25856
9151
3948
10878
5055
9265
20341
19890
9125
18612
8932
19711
20307
8087
20660
15081
17339
15523
8614
5840
22609
6732
14843
22233
20569
16747
19724
19234
17670
8976
8161
6064
17191
11939
21497
13703
6813
6726
20854
11812
18217
17688
25962
24121
5392
8156
21333
7309
20215
22888
16872
24398
16331
25225
20702
352
23513
25537
3007
20331
20064
1436
12106
24280
1550
20952
3772
12369
13498
22239
19111
3826
12865
18489
10524
9325
9273
17394
21544
884
10183
10966
24699
5469
8593
9413
13641
10850
2559
5543
24097
23714
8378
14534
4793
15125
16565
16553
16543
3431
18314
2003
1823
22031
17999
8310
21401
12849
5415
17343
18066
12787
3964
5661
8726
11405
15938
4250
9491
15196
11328
11403
6190
9269
11629
24240
6632
9391
13153
8386
6073
939
5056
13664
16940
1834
14037
8678
5240
26098
16505
10640
15247
18613
19208
12612
21195
23417
15171
17864
2352
20568
19739
17502
17740
2316
5057
16106
4027
22379
1561
10879
11925
15082
18595
9517
10807
13862
16756
9773
15568
22954
17163
5181
22728
14985
1105
29
16751
25236
16155
9248
7638
7648
24595
10912
19783
22836
880
19355
25719
17124
11713
11325
25661
5698
6455
1838
26168
1599
25229
5826
18209
17277
6642
1427
21588
4702
16853
4148
3507
21755
8877
16225
408
21404
26058
252
15418
7829
715
14621
19608
8037
4836
15172
13036
6524
4704
16433
2073
16570
11113
1782
23300
8595
3827
14691
7695
20636
6703
1915
23503
1497
2877
21154
14154
4371
15998
18145
24183
3291
21799
20884
20892
10991
19924
14559
4425
1962
19051
20940
13604
8352
4868
5503
11186
10390
16644
8547
14619
12032
1258
24470
18658
11863
11923
16232
751
11822
21169
18905
2622
13318
820
13311
5182
16264
1879
21548
19379
10907
15770
2810
21549
16429
13931
5444
6807
20230
9138
18237
20528
15006
22320
832
20550
24341
253
8437
2563
12071
17953
19404
16675
10478
26173
16154
12235
8857
1825
23394
10600
18791
20196
12866
14500
23066
23859
21131
21389
17158
20519
17403
23912
23918
20149
13034
16598
6920
18625
4875
1073
20599
2010
8064
13832
11792
14970
25234
21167
15197
18195
1026
1025
1696
19164
749
15907
3607
14316
17746
21297
15802
7595
5078
8118
299
22075
18746
13144
25321
3721
9634
887
7098
4469
22464
18587
23418
1672
16755
11461
8079
20155
17290
19697
4781
18094
17240
23730
20782
4033
6556
9266
18161
15600
10116
10719
23227
15399
18222
20003
17937
4641
15200
3524
8148
1817
5366
15911
3725
15898
23616
6919
6081
19358
21184
12642
12599
7726
14872
6305
20316
22235
778
1048
3825
14606
3876
23138
14600
8973
16717
19603
20779
19223
5829
25526
19871
24412
8446
2306
22530
25904
25138
18522
17950
3821
20253
11152
22109
17118
25491
20174
4656
14174
10514
7281
16042
6859
5395
11141
18282
7878
17575
1699
18771
17923
2303
834
3193
10967
20479
3998
13625
15617
12722
9867
4037
25663
19256
18600
17612
11502
5162
2452
14153
9027
19683
24593
4183
1153
21199
22309
12370
22620
22299
16834
9504
2950
18283
2124
26042
21468
580
5402
15947
3136
2184
7592
5505
15961
1356
25866
22727
19922
18884
5483
14869
17990
8786
26020
14078
21560
9987
21554
5060
4750
19147
25176
12054
12645
12411
16803
8452
14841
16230
16624
5575
17395
8000
22375
7093
23419
18582
5225
25437
11924
16563
15516
22964
238
3684
18370
5445
20434
19447
380
20078
19996
25610
10656
14345
8301
267
25891
22487
18275
12425
9074
8925
11631
21450
11929
4380
1959
9514
9723
11638
16091
11037
9863
12419
11626
25089
26130
16110
13035
5360
21811
6185
11944
25784
11821
12696
22382
9913
23866
5830
3188
10467
14639
13387
22048
15161
6303
6176
6039
20949
2852
25721
25827
25056
5843
11213
5411
21584
12797
2515
4319
22023
25571
5363
17304
10438
915
20558
18624
22129
11522
25387
19140
13493
13496
17918
17162
14972
12121
10880
3851
128
11844
20668
2750
3073
21712
12743
315
19383
15687
15413
3516
22087
23809
5519
20260
17818
8870
10186
18764
11034
18772
2505
885
1024
16513
12552
6503
9483
14870
4988
5673
4774
6888
13490
22577
19528
25440
8449
2997
25839
25649
21324
4263
25875
7959
10497
17125
12158
18597
15384
24210
22285
11903
22744
21558
6010
20248
11108
11926
5481
4036
1793
7506
20781
9312
10412
8442
7088
7546
17114
20489
25534
23786
23775
22645
21816
13175
4293
5361
18557
11878
5255
12758
17122
14317
13470
20775
3754
4372
7854
17006
19143
10346
6291
1662
2613
7053
18634
23219
22433
17192
12887
3773
11664
510
2451
13032
8728
7010
25217
21101
16496
8185
9758
19551
12618
19247
2879
7885
22190
