49151
48411
26970
64034
19712
16926
28019
10532
67757
63618
60869
56256
58030
26220
24959
22605
30896
43435
25820
2737
58613
59366
43686
56167
5858
43136
65517
25019
55442
24394
60797
45920
31668
32056
61147
64383
12096
58267
11059
39402
56667
1613
2416
68636
68316
7049
58935
63805
54094
49332
49541
2022
46357
56185
24059
48198
47085
3737
38150
44883
36112
46854
28633
58588
26511
55387
10772
32465
7780
25502
10969
62015
14726
30498
29778
17793
25442
14745
34803
6561
67706
6142
24178
32081
31503
47747
2127
45319
52702
11660
54556
62554
19734
31376
14945
39935
19470
9281
7136
60678
14176
45632
65857
42162
38203
15487
2254
45205
33431
11734
24863
64813
51859
40047
6648
11930
49939
59789
24711
45181
20994
48212
17555
8672
34926
12457
38074
9815
768
66906
55126
67282
4983
28209
62086
52419
8188
42230
18452
36019
62824
60926
25655
58280
37660
30908
52820
6185
15441
37063
44992
60775
42533
24872
37066
14357
40
25856
2110
32881
12334
23106
35665
55735
9167
50747
41028
44977
28083
6836
49958
66300
50182
48414
48901
35336
40698
40894
31807
4825
43318
17066
49299
46478
6392
13093
65486
17911
25095
16685
50205
45385
7470
67619
67925
51327
55319
23485
62494
46950
36500
12235
12799
643
58006
51985
53444
18258
45878
10809
15223
63736
43345
30012
55924
36010
67415
16753
8414
28950
35707
50842
61407
34142
64477
34820
4344
67453
55443
44540
62668
34787
24492
10054
66739
18533
16689
24295
53387
55479
53268
10256
10278
59703
54129
65183
59264
68656
11599
31160
45539
60546
62044
37390
18956
27849
26394
49951
57772
46630
60933
16619
47049
22838
32171
47861
97
65707
65237
61988
19030
59220
31529
45749
66173
6738
28966
45924
46346
60618
67996
16476
49805
40559
20211
68711
68400
24558
41137
48405
50360
52922
41896
17289
57920
38614
23687
38826
1778
66349
67091
46718
42653
40579
10655
63850
12242
50586
1441
33755
44392
29808
58965
65338
57635
64620
64697
46344
2168
60720
10787
56948
26596
42491
6251
46903
13451
20532
32324
45692
64208
34399
11969
49418
777
4158
49045
22559
22189
2508
6439
63504
40435
63120
63786
8329
39731
55161
6090
63156
61323
68735
65168
8275
38892
68727
34477
45417
63707
9285
32718
8301
42819
5277
1185
25197
6578
12530
41092
43999
24086
53601
36103
58914
50130
10654
53942
59260
3788
27652
26997
4014
63216
21154
43867
19714
52690
48022
37538
12867
44515
49553
30160
39803
58987
25795
39434
41074
49842
54112
29106
41007
49074
46139
41477
55867
67820
47409
31219
53159
61742
4960
16016
64352
62302
25249
59998
47869
11850
64063
17035
57365
8722
5436
13353
58395
30846
45079
5303
45485
41687
19512
68323
26461
14742
35154
66440
50231
48903
66474
3088
5029
56765
6671
59533
20471
45523
1539
37835
32481
36163
6769
59190
65516
61942
2895
5339
54596
30367
3150
40691
53196
27926
60216
31195
66932
3342
50637
22552
49548
16975
64031
4878
65114
13664
48098
27434
59169
6055
64971
34627
15464
26805
3125
52184
4394
28268
36522
66183
21669
51840
28356
61950
53926
702
12580
44007
63526
39723
51548
34605
22865
440
47200
10908
12715
58086
240
56343
31271
48895
10509
51751
37780
34288
51160
8851
10641
59882
30468
57947
46402
10431
35060
12117
53316
39085
27910
13133
61580
28426
41588
54012
32271
67933
1598
4137
46695
66689
5491
57273
49216
24725
20655
64100
61020
34931
17370
32570
57433
56504
10598
43541
16451
47814
48002
45953
29595
51405
5426
50330
18063
21141
61918
26913
48724
13728
388
21301
28779
18259
57506
57648
33036
13648
4248
6622
3233
23901
21075
19275
29383
66664
32302
39984
33548
28997
3234
34421
52237
54465
10233
65387
68498
28857
58240
67001
62085
7108
22961
21342
23610
32803
11074
36540
50324
50913
7573
40015
5501
34822
15224
23480
5660
32408
38821
44934
49908
53321
1227
6254
6543
57678
3989
46798
49254
24571
53520
15197
60403
37313
7648
9207
17499
5338
931
23457
11084
60134
25137
50972
37393
54666
5187
54843
61830
22726
24888
55802
68204
60861
37417
60580
53925
22275
13314
63938
15108
68312
24870
40444
7737
57332
22282
21380
58035
11192
2371
11403
40803
46759
6614
29437
13179
27742
27587
54178
3465
42294
7172
5942
5649
5342
46443
3306
19811
36907
28320
58063
56704
22895
12841
27888
41518
22483
68737
47263
31705
6975
51783
5471
63697
60295
38971
24603
31670
31852
41823
16053
57377
66903
64988
43393
6041
59343
28159
35025
10803
7590
56083
47542
14906
16687
43948
12855
15618
66778
47907
34672
52883
58028
65568
3423
60445
36775
57820
48437
48624
49069
39378
20864
26322
18109
38785
59626
41940
27174
14231
58653
49509
26724
48851
4533
39253
10247
33293
42399
29291
48570
2934
46786
43016
62466
56522
10659
37185
54076
35300
39004
9030
2101
12951
31761
48666
30359
27676
22735
55259
21575
36472
47226
54626
43822
45869
6463
57295
35108
47357
5486
15253
38480
1932
16009
35021
40700
23018
7974
3051
64107
10024
11180
58702
53320
68315
13702
24866
464
12829
14979
3750
48413
28967
45569
63549
38955
67862
44598
63699
3500
62741
7574
41320
63508
28286
31922
42500
44065
61196
10634
52637
40113
39483
46343
17486
64226
35642
3011
61593
45656
28115
36682
7422
44784
3905
35376
65346
24325
50056
14395
25823
19844
51439
25682
5567
17184
31633
7455
7440
12718
30767
8360
23422
58319
47229
37077
20944
65634
49544
51574
22462
55684
10073
190
32582
12910
19183
12359
10074
31992
48674
12121
12272
38504
21428
35247
11443
35119
46266
4654
37312
47515
50416
68028
4255
51268
33158
12268
49460
47603
43801
50569
9170
51466
35133
38096
1829
48122
29732
4719
18348
41832
61844
8601
19926
10541
4476
6472
63359
50970
22692
53498
31911
41688
41247
41011
23733
50332
6835
13453
35042
57504
45123
37295
65842
46572
35067
50684
46571
30800
23124
11618
43396
67269
63385
22749
55639
59836
55160
54699
43543
7361
61637
10978
65880
303
40014
67273
38507
49181
8248
51825
45863
64829
27436
20748
11224
66476
11759
12644
26326
31479
68510
24002
28553
24832
42234
67620
37720
4988
51121
65369
50084
6495
1127
46852
3754
52463
39648
56097
61425
15912
66939
59078
5511
45525
62609
57682
38124
56393
37972
59362
9570
10561
25496
40017
54846
26646
37367
10287
39381
17948
51110
41035
23549
24967
8871
23137
60440
42582
35244
49978
30363
14498
9212
10926
66165
65711
36505
19390
29134
7714
66829
68567
43371
19224
10580
54786
59928
40806
20901
26771
33099
33141
17796
30018
14406
51221
8869
45574
34790
37059
51848
55186
37031
36228
14355
1785
24333
17378
60061
32289
23205
56014
9391
52429
37380
33137
67230
1628
16857
4707
233
9010
65662
59146
19721
30610
35135
6156
17031
55811
49466
13389
50437
47871
11204
42074
56440
27775
65292
9454
47483
52030
18151
55934
66186
31059
45486
67174
66823
9618
10549
16805
21736
14851
59870
55936
63721
35236
24608
9925
22133
39478
18167
15729
20071
7743
13239
46894
4842
21988
25065
15268
5829
3892
1048
13705
40906
37292
59553
5914
58902
4071
58888
10280
11535
5597
46311
10957
38374
22031
59684
9156
52700
60927
23829
43720
25714
65788
17915
22869
27340
18265
28421
43561
17912
17878
44873
44537
28090
57739
28847
40663
67012
27024
29874
53927
53407
15604
42378
42008
31209
44577
14831
58814
50406
67626
1301
15402
6779
41541
55939
60095
43978
44600
2469
59089
26381
56388
60956
3189
48735
45543
32697
64787
63522
60123
39262
12245
40101
50581
30420
42619
10497
5800
5997
31990
38365
23024
14477
21089
11185
28998
10852
52695
40317
68280
39174
56800
6902
59111
40272
16427
23997
31835
9500
64815
54557
38466
38011
38851
40666
53722
65088
33873
63907
49301
60268
22482
23982
66158
57758
49941
4770
40147
34891
18201
49516
14103
37781
16584
60633
18867
53915
14411
38705
10079
17217
15304
12563
27320
34001
64452
20935
51891
18541
16611
67268
9681
31881
68278
42597
67243
21912
26652
67577
24897
1182
30206
55129
22271
18636
61648
2765
22264
10574
23119
65325
31398
18120
22743
36481
49092
8888
67092
31832
27331
62455
4550
55181
16831
34827
15011
13874
30411
6201
54087
53528
29292
11265
49076
14490
60519
42391
19836
12749
50002
2038
61433
31913
43562
24314
59276
59911
66542
23448
46703
6379
36998
49929
10081
19436
67031
42329
50576
33938
38505
30836
27744
30903
21792
8127
3191
47543
16958
40135
55140
59295
49176
15391
14653
14530
7255
60106
57829
64186
23172
39917
43739
34850
63863
51514
39031
51161
32715
52194
45739
9638
48251
51259
16587
56247
36077
969
37303
31157
51477
47410
14546
44647
63970
48409
12402
27135
59361
61762
53426
43272
28723
68368
32719
40370
65091
61292
23072
20820
38965
18432
29335
18424
67872
8307
57830
37737
16330
55210
46879
46251
46932
16733
20845
65133
23618
41858
21385
35063
53245
6865
10548
47911
52628
45546
35761
10857
61896
47948
20427
34397
23923
3925
7182
14427
6562
23584
33151
40909
54561
3470
18453
36902
14111
40635
67052
1629
39069
36290
51569
5156
18721
52839
45194
34194
23550
249
33874
50790
37953
62245
8366
20743
8794
30801
25410
55970
29976
22441
61421
14235
19703
65506
24721
23171
67465
49022
52498
32295
32905
52013
14509
38111
37941
51397
65571
37522
61826
33786
27133
44370
457
11442
48576
10282
60251
23970
15265
64959
25614
61582
58211
17185
19839
4783
28440
25406
29941
5138
30600
22077
11008
61475
197
58703
2124
60110
22427
652
22209
41205
61170
23934
20166
64426
10633
46995
47064
56663
39095
7491
12230
18342
54652
45712
61232
25397
46499
10677
6873
42325
58194
58822
50090
7379
66641
66174
55963
40656
17408
58286
41339
10083
58276
55558
2679
18694
26363
65895
12411
39386
32575
29181
15175
50400
42999
47249
39030
14481
66256
53355
23801
51235
10683
25902
31488
13772
16672
41767
41769
24263
6088
54268
36772
44287
31860
47943
14762
63322
47374
47364
49543
12981
26467
27741
23478
20289
4536
16620
10576
44862
5581
10445
23962
22495
31525
26645
67173
52769
19528
50657
63519
1202
6860
55491
11516
54590
56685
37871
56486
56581
12654
10790
23680
24167
16522
54271
33319
4244
9301
37967
37000
35026
2470
12267
30808
66624
28489
55961
43430
62313
25931
56010
29342
41847
895
15482
23169
28292
48891
30863
5399
25669
57738
56801
10257
30766
1270
43000
44787
25149
6638
51240
43080
60872
18671
23825
58037
361
18433
53450
38500
25092
38055
37963
32833
51294
11078
26398
32860
25269
64619
30494
32288
27319
28282
66603
55166
28451
16278
6517
68178
27090
26766
67247
753
35606
9026
62550
2339
13318
62747
44350
53302
50568
23560
48327
59908
50326
37058
7268
33925
63979
11013
27864
40327
2799
1673
61391
1931
60940
116
305
18885
47725
14429
52208
45135
49174
22343
9081
61357
22107
33093
11410
35641
63303
62049
44572
46866
38163
48252
6210
31476
6366
58247
5544
4674
6227
28850
38089
47775
8123
22862
48438
9169
8527
487
10631
53406
21625
2557
9390
49173
47569
4967
21157
61556
9926
40584
58969
60758
39548
60759
46876
68734
4450
34006
36523
24856
13704
60094
22613
59861
42287
17921
10553
12357
31328
8012
4793
62454
13214
1344
6591
11212
12215
40346
64909
41817
9969
44721
39383
3934
7660
51464
34646
29439
18024
24786
35114
25684
24885
62837
58811
23608
5925
23451
47703
1827
8878
50052
15005
39688
45081
14394
18297
42330
24315
42342
1171
62405
18020
25949
40275
2010
22563
50966
31631
13937
23138
3200
30584
20946
45521
58166
32309
1
17162
43687
21587
30868
3250
15666
35339
23717
17554
65619
35372
26554
2834
65137
19808
58386
51693
58830
13426
38823
25717
33545
35204
52916
5764
47714
22938
18550
23319
49970
29515
9154
16320
43090
59077
2658
1693
58449
6647
43226
15023
4979
9791
66941
39370
66940
21568
42473
43230
8109
51659
45562
3050
9793
50653
5873
15845
6466
50279
26850
66167
16654
14297
41522
65185
26650
63223
61849
37199
39020
40817
33277
64507
32635
9643
42207
47580
51912
5983
36581
28001
55133
5497
49118
136
9297
29859
52841
46983
8502
38025
40924
16853
66827
20540
38742
7599
5379
33726
57628
54333
56264
3175
20810
57499
9208
68657
4521
4503
11090
57656
40369
25091
24824
46472
42274
28284
4526
63328
68457
40937
39264
36899
43425
14864
55570
3035
23919
47712
58376
61102
14029
48076
20030
62227
39960
56305
48028
52728
61300
3686
31863
10737
8036
20674
23666
38204
10991
32254
36192
50302
54988
31623
26446
34191
8281
35750
50713
3094
37334
11047
7201
68317
6608
56297
56559
55266
51707
36767
52979
8026
3127
57626
17804
58622
22353
16860
26437
2882
27931
13052
16728
50644
68571
45461
50800
37932
40949
59885
63242
35867
24260
43751
66019
35480
53481
12872
23055
26427
53351
17950
14342
47228
36927
61333
29129
51162
6499
65223
19747
67824
48973
42687
64632
53825
19904
21076
59357
13234
10486
50073
43717
35630
24702
63584
47390
12439
37939
40153
56035
49031
383
13243
64183
46247
58507
61101
10186
46001
33454
26712
33721
29546
11557
14935
66017
68604
10337
28240
49001
4621
49600
61588
45844
33792
32834
19977
57054
20519
24259
61796
31612
33029
65847
24706
5
47401
67231
26641
47896
43994
45128
8511
10170
3176
39837
57392
5063
39659
7272
17961
27312
10927
46666
36578
48127
26042
21477
36860
9451
35892
22916
32583
45904
31383
19123
10115
68027
22652
36729
46808
15219
40737
30881
22298
44753
50278
4999
45541
1854
63407
21411
26021
2394
21858
66821
38660
24697
55095
41537
37392
51860
8352
56344
12015
20434
14461
39366
63585
11101
16046
62762
9533
15510
13105
24780
9691
65017
32661
16496
49304
7704
56916
54845
8661
15792
51382
23701
65199
52762
40675
9082
18168
38112
8979
14774
49948
57612
26032
26033
46161
49455
17436
26767
66642
23659
25948
41830
65961
24144
32054
23313
7073
22026
15037
50924
60516
45850
57249
20417
39239
36209
31240
43361
42595
4389
45526
28971
6397
6977
66171
12459
28651
56583
22502
44805
5421
10430
65505
49295
39773
12458
68207
68267
32800
45736
60810
1724
50288
12561
23477
67701
47752
51252
58685
38831
34989
40345
5745
37887
56628
56485
22770
1616
56063
30796
41932
67802
48089
3773
54691
54696
39920
36033
52920
11490
37286
60102
41378
42538
58493
34596
11040
11957
50270
14476
55079
53514
51784
42006
40564
40707
44646
56084
61416
31024
25755
41977
58834
8193
53801
68473
39791
46909
17198
7256
34476
65786
12464
37332
32728
35037
5702
19736
16354
49090
63966
52191
61777
29214
68128
29205
7135
54656
66466
7736
23514
51053
14023
8586
51498
19684
25273
4918
18350
59081
11050
56970
11958
52044
13584
58733
26630
51028
14511
2198
19917
36768
65624
65893
12016
52024
17634
1021
54536
9790
54818
43919
13798
58787
51902
8242
20661
49879
30887
55277
48868
46262
47566
54785
64394
23486
17557
45766
11219
66820
39810
554
47681
5776
47445
11096
62873
16206
51984
26530
38253
62871
16574
50483
34204
63366
27911
32265
9930
66513
32440
56586
65814
20853
15488
38127
41432
66995
39924
1973
38493
47399
60184
9895
33284
52659
49566
42323
55263
23803
50415
28086
46377
67125
57207
56231
30162
45778
38465
7912
37343
52629
59136
1147
48120
38300
49480
8521
61394
61608
61247
39202
7493
10437
31038
44886
57445
4965
40430
51210
3266
62646
36626
9939
30614
10375
45524
32928
41168
14525
35835
49962
33072
44029
17329
67623
6531
34141
47677
36456
16775
53930
37806
9230
53349
48073
27260
3348
7463
1337
33847
56120
38425
27064
64430
34205
6586
61392
57096
1268
20338
40231
46865
66505
24304
1765
58769
25750
28406
23977
4387
63171
48391
35280
30200
11458
13586
49668
40222
51615
33182
53864
4906
302
242
7322
51045
60481
15343
16164
22237
19974
59316
21549
20484
9356
40289
67169
60751
5033
11953
51425
57125
6464
17506
9910
42734
65586
14068
28042
59815
13024
59840
16350
57558
38316
41167
68385
28743
22932
65013
52149
3106
23602
24875
13388
11755
50033
22172
1627
49356
442
64908
46671
65385
8265
7417
5816
34598
20176
9483
58301
53086
52986
64168
32581
18977
59119
2670
40517
42365
59085
52959
1110
32856
20558
58414
61879
34264
62644
61745
43550
30545
53506
58231
42018
50029
955
31202
27896
38656
46064
23054
33512
64859
67870
28259
55471
28253
2459
32609
30589
42198
22035
58898
1657
893
3832
17300
54326
24148
54122
5823
68224
67253
59303
64928
31422
57197
27343
34138
62335
48262
6796
65213
45571
28988
67790
47441
21539
34566
31409
60839
64152
3033
16925
53058
15897
46740
14083
53633
26860
19028
58365
26460
38825
13659
51890
12400
56561
38057
49658
56910
38929
12818
24067
360
50159
25729
3012
40625
35455
22632
26478
56482
65228
10225
27764
36637
7129
16921
7918
62803
26574
44697
8253
10815
36438
58426
64103
17817
44467
68251
15468
7133
17495
52677
54915
49971
5981
59722
962
30412
67101
66936
21153
63113
54424
36154
59363
68125
8854
44442
11196
35113
58188
38142
66996
41302
59399
45142
41967
43356
41610
1306
44686
13962
40092
24805
22002
68162
21209
15388
42326
64210
12194
32722
37293
17030
13395
9078
18786
11069
10829
52510
1099
38445
63788
4885
7127
32500
42918
48125
15168
44316
22003
57132
7439
65284
13558
58458
27822
2128
32773
50331
64577
29220
59216
50636
8125
61381
48024
37003
51138
68144
19491
23297
28439
18639
57479
33213
53502
24834
39696
54711
37013
23245
2964
43796
27799
12298
41032
8031
56039
19927
25983
35639
29373
3437
19660
42925
19615
31838
46464
15587
28179
29761
35059
17702
54118
2442
64612
64951
35096
31760
21834
7188
57942
23453
59391
10840
36965
25264
66612
60171
52347
2061
36383
30744
290
24769
8082
34869
66652
16907
33543
41270
27122
5566
49517
28043
21093
12639
27352
44674
11264
25844
21178
8465
40262
26707
4944
45230
52009
11683
24418
64702
50109
42186
67108
27218
177
17398
40384
58856
30291
51851
60776
13872
45234
20749
18130
21573
59925
32461
10943
14823
13496
1779
2070
43182
45758
40529
14239
42782
6368
55787
52662
36926
34948
64195
15393
10500
48795
54567
34503
13425
30997
36494
16581
7859
21762
22664
4305
7120
14304
8143
1196
47116
26122
27973
4763
8623
1653
10640
35044
50947
42581
62046
7522
20995
1166
66522
36342
25280
8484
56623
3928
6541
51512
33923
16428
49225
8709
39340
45983
2044
24714
4141
17484
48192
37616
40816
21095
6814
34810
45605
46542
10849
28970
57885
37268
26847
17034
4308
44305
23633
41912
42995
12993
33617
15089
26176
33315
8660
20161
58592
46896
245
25328
7346
52827
14245
11580
57398
46574
53495
24408
68024
18191
12258
23543
33246
29953
14919
46237
64447
15312
11720
27480
20623
4528
37482
21044
55835
18678
33200
68409
26654
66410
34305
40100
51876
48823
4700
13717
60885
34855
8703
49794
25060
56728
32660
50434
18462
19782
68025
60374
40719
34071
57878
44762
67871
19735
4921
52313
19699
23993
19283
175
64553
43099
38485
48637
35794
46598
58887
31268
56712
55158
56768
28549
28881
29763
41317
13577
1563
22386
4074
2177
44820
55575
63613
64212
55655
18680
33231
68302
32368
5263
9117
25569
29380
66152
38133
47594
22062
37008
3826
10011
60368
39588
34033
56269
10524
61623
4553
4186
8509
51661
34177
57173
41240
39203
46487
30015
42260
49199
34203
48577
13527
50748
50736
58019
16535
33979
16570
4223
54369
13769
58348
924
53844
51962
47146
54710
12067
64658
28138
7183
64834
55180
65086
10906
12481
18165
51438
41458
13432
49369
53649
20800
30
338
32067
66135
59471
56184
29000
15751
66898
56267
42341
65727
47004
40329
32761
65302
43013
2695
52253
34364
38824
24626
33949
54698
31613
61336
30905
30904
46616
354
30478
20394
24181
12689
50295
51348
34735
46850
13292
2472
23706
56237
65363
34206
19133
43004
44631
15032
15212
3249
13750
22161
26655
25027
5964
10064
26662
30772
24765
67118
33715
40439
10017
52025
29509
273
41759
27793
29715
189
52116
23479
63279
27935
7237
41761
14767
3753
16808
51679
22408
16610
51576
48441
16411
20894
60814
44955
26146
23316
47642
31065
15338
16279
9994
55931
24119
37050
42770
44262
39647
56150
27891
67617
26861
7335
59205
44594
61169
30482
33650
38847
46662
45565
48780
19365
61509
38492
42890
35424
6302
880
35725
9675
46513
10175
2009
41831
23778
31550
27894
27893
64950
37884
12949
19299
58257
15469
33894
43864
14381
1590
55520
57444
41109
60337
67804
55218
63219
27967
18844
58135
65426
22787
13774
23566
33790
32613
55709
38210
12000
26827
12487
40852
47623
63208
39348
8271
1174
66755
2514
42727
32838
26793
1338
2536
41203
47217
15826
22498
19081
42487
39957
3983
48201
66144
37233
39601
6161
27246
50386
19718
41043
10136
12662
20458
34174
17037
9227
66662
66399
39582
68041
19740
1118
21144
30217
62074
60043
67464
4070
12377
9513
21895
44574
9605
9757
34402
47602
62604
3545
5472
27930
52481
36267
19388
50149
63516
68631
9443
47074
47317
21588
7187
976
47832
35836
41595
66534
58133
16413
63396
20793
51411
742
32749
60665
21952
25239
56384
4312
12284
52436
27670
40081
58832
2410
9686
34463
41343
49334
25290
45107
11954
60762
51185
28649
56999
24826
36722
53065
41308
57466
28166
66154
42698
68480
51482
54573
24783
1025
49563
10515
65617
2317
23176
29959
34101
18279
54615
8025
8077
10229
22176
29068
62453
54321
39534
46077
68111
48571
52901
3520
40423
32017
35697
46274
12985
12227
21896
43588
10653
1035
60935
21326
35481
20670
21339
51553
43700
4903
6044
57584
26127
50192
6700
22014
8605
67855
24196
26137
33952
48976
20924
67377
24748
23698
53688
52860
64960
27865
42486
2729
28880
65309
62500
44022
32939
26328
62541
61659
58546
19031
40438
16031
46919
58198
51911
39037
17141
25592
1141
33252
37647
44870
35040
17164
17940
22990
23013
20409
4082
11216
26919
46973
39408
11729
14232
66546
62682
59197
39498
31735
37259
34569
33317
37892
57492
34665
7429
65322
57022
24886
45666
12368
61069
6284
24127
59374
57550
43744
21073
10990
15961
1620
20064
61014
45487
56430
20599
60427
30493
15957
43558
63382
23145
32832
51408
10407
53322
34224
40907
51246
3624
43740
58748
30361
51831
9395
24201
12378
65379
49303
11531
62878
45187
50643
13107
30504
59083
53350
21790
16266
24443
30407
34173
4483
64710
17431
49143
16765
7566
26619
40699
25326
55869
25276
22725
22568
10805
10082
33063
61454
2075
6489
18198
33973
9218
23499
35178
11203
51791
59239
17100
20075
46269
55707
23121
22922
11749
14988
27139
19324
25318
40187
23113
2948
44543
62316
54275
48744
64213
56677
68651
2704
67299
64493
50830
29117
39437
21691
56776
15843
29045
17033
17682
64169
2285
62083
31851
37239
53540
31998
31249
14975
43100
57004
62714
2525
9321
16780
56265
31452
6084
38895
2762
10863
28410
4683
31907
57133
38484
7924
42725
68112
30193
49096
61005
17575
11996
45189
55574
50110
51406
31319
16612
16883
12657
23069
61212
934
35208
60443
41342
23821
23307
39196
38767
39125
57785
59694
5357
65193
53192
14958
20732
52964
33209
12961
55119
53088
26665
8733
23420
33892
15753
61649
53064
39608
10740
10425
23040
555
65134
50620
59805
8911
67323
48387
2016
61174
65123
40359
66417
34620
30909
41973
674
28371
55965
28461
55962
45193
15617
26311
67263
53045
24960
48779
53238
49678
66250
46186
49642
29635
34669
26451
27876
25676
26454
32109
26541
16064
38494
54051
6153
65963
55262
38850
67171
52508
49910
46541
17409
18339
7498
59122
24993
20544
36180
26610
48138
61520
58410
40079
39925
53469
45884
18778
59715
28118
20742
9920
23972
36602
19921
22021
4104
6091
52470
32245
64076
40528
26609
21130
56194
4127
36255
36687
37893
53777
48773
25635
51277
52835
19100
20859
31959
21800
10568
50835
36884
58316
59697
51219
9494
10108
68745
3542
47491
22123
40221
63614
42935
27728
40183
17175
47486
59095
16816
64191
62378
40077
62404
67045
31921
18031
25448
13938
10550
32600
62650
45008
22471
720
10529
18908
59372
33782
9746
45034
12237
5384
334
56008
44394
3581
34151
8035
56769
2698
9837
44288
17758
49182
23149
8116
10406
4632
21807
62790
2714
56602
42897
19368
11913
21908
47773
55737
66945
55188
28175
64437
40580
38434
3893
17075
818
27034
19447
53974
40808
181
66883
52031
22333
30314
62437
36340
10180
35736
62514
50682
56639
31161
63182
19488
55857
53323
66561
25481
14456
60453
31079
46314
66527
63009
34021
2537
44068
6436
54519
7233
25388
58901
62093
44803
37626
68003
5831
14402
62351
43076
45390
53270
62664
55850
57614
23797
2121
38682
46507
11532
59148
29935
27155
41901
60010
61236
20160
66260
15678
57373
11286
4447
8867
45405
25527
61129
4087
43811
42618
49983
51720
52007
24117
65359
52719
33342
46483
64385
61148
38059
29950
11925
60425
7806
14035
15238
6672
46870
50679
53784
4241
3682
25919
32259
62306
52303
2336
23723
31961
49121
40407
64640
60107
22621
44614
29326
41338
30647
52492
55631
18699
42940
50363
48343
52919
41115
31204
36039
34519
47582
62885
68045
66288
67264
39369
24774
1292
16026
32247
66259
38837
6396
39277
23465
51567
37662
34147
65859
52708
11851
45715
51706
34198
53029
60866
17177
38419
66848
23127
28473
31620
51143
28360
2945
52491
29754
60148
57473
11406
12151
40291
10597
26545
2377
53516
15035
15730
14125
49223
16339
37486
52701
46160
47293
6890
10295
24504
34441
66882
48677
50786
63272
19319
4869
43484
24632
37726
4111
52928
9559
666
30461
24060
38122
41049
52477
46551
888
48886
12433
41238
50624
28656
8070
3841
64298
57638
23936
21166
34671
47604
59600
58121
21747
37420
56985
32546
36278
38256
505
67826
805
42856
30886
6777
10447
34742
60645
3982
48758
14976
59521
62746
8887
55744
55881
726
18242
57323
15612
23282
22058
31296
28534
51030
64033
2794
36109
14934
52992
20041
23798
34184
20848
22769
2600
61977
37152
62255
26673
34849
4701
60332
33254
35798
61591
34276
49172
26450
17983
22198
29750
23030
52747
38330
39147
4106
19045
44736
42915
37869
38891
55845
10045
68288
62708
36083
41928
26304
4871
45536
1003
39144
10960
36783
16455
2705
35110
50831
27912
23955
703
27735
19047
14407
20692
47485
7367
45643
48878
28128
18675
25035
36144
52753
3543
32558
39193
5477
19983
68303
36925
19521
66446
68597
8085
22622
3579
21999
1116
41410
57062
26948
64143
9220
46065
23870
43879
230
51233
58776
53735
41127
20284
32544
16521
38038
27827
21482
4462
51336
30073
37663
8602
50709
24986
41179
53515
21978
30503
8404
43779
60647
55625
39331
47523
9211
36011
57174
64720
47551
34800
42077
41846
65553
13150
17384
44545
58919
21520
25518
64555
64332
46663
46297
66575
20943
7449
48031
6976
56971
4194
54714
10528
33801
39322
12478
64081
36718
18441
67080
41484
26702
52868
42917
57302
54330
6481
63572
22722
25449
14865
17235
35427
28554
36071
55797
51204
63173
65729
6381
56382
33866
14347
15993
50973
32462
15631
44860
25982
45926
12418
42067
60338
30579
3965
65833
27192
64422
21286
5545
67624
32206
42292
49820
8339
2558
67821
8255
56090
29334
10882
38470
44427
1481
46193
68367
20253
56520
56608
15389
39021
18248
49220
43553
47283
68556
10606
11232
30971
50688
46861
965
17500
9620
17596
54042
66201
7988
36894
60941
1347
13550
63462
35022
17842
23816
741
54048
37049
8423
46405
54274
58736
24005
35023
9186
61612
20340
18125
18981
20817
13333
34744
5343
62731
17410
5591
34740
21187
15007
25451
63252
43231
4808
15036
56227
18548
14888
7901
27499
42521
40360
66890
14512
25866
59171
17405
40012
4997
65940
50989
2079
23533
45963
52761
7048
49764
38145
7353
33384
43905
67828
30643
39345
28991
53102
30481
60103
62597
45159
9975
22249
20883
8803
42446
45237
41395
58928
64603
58651
25098
38123
38730
35488
29725
7668
29596
53132
32729
59263
32484
10537
23794
52017
59224
22490
4134
22247
43791
24165
38946
62345
63306
10442
35363
38001
41362
47880
59710
25404
17510
16730
46501
12982
30770
9901
42742
29005
16035
25188
27855
47514
41804
51989
50449
16986
24969
61262
41601
7593
11852
44551
18352
57597
29772
33789
18601
36415
39299
8416
3904
22504
62882
33544
2784
39165
5487
60087
37359
8306
12874
14324
61851
1695
1121
26958
21562
33426
52204
21907
46534
1597
2869
25773
25064
49166
63363
36417
11199
51157
51520
44831
26808
19818
39728
53707
42068
896
20130
27100
62757
28197
45024
45018
56995
11267
43481
25289
12720
49431
23699
32549
18980
56716
52314
63883
8206
14832
33090
22790
18866
61192
7594
58120
3102
41465
35703
37800
6589
15357
20113
51183
31820
40674
67167
54814
60218
55964
54262
49161
18113
37719
57282
35117
50935
63535
4086
18779
2842
16059
23544
19181
62558
31464
22948
24645
65182
62493
65126
28475
7250
47574
67905
8391
1691
30606
60027
5746
44937
43736
55636
63463
27129
63010
19787
56867
19420
43018
13738
50839
49427
54218
30313
34513
37025
50884
10403
16823
64826
31502
36322
11227
58189
47884
5799
23324
63423
49727
33104
24300
51036
7741
4354
7396
3572
22342
10994
41853
51413
36911
45756
67654
64631
13408
16696
35910
34002
22065
20163
20152
47598
46791
21394
36104
58932
8411
51092
38495
60604
13840
34376
47544
21418
42529
50081
56982
54540
37191
40409
45495
19665
5569
369
37360
2943
12697
48778
15013
62661
39941
49607
59730
60931
1036
57605
48634
17683
65627
19173
40898
33265
20134
9998
34236
62418
60188
5482
39614
20948
52622
50685
9935
8495
7454
45575
33957
57544
5479
24319
49817
3906
29983
65248
53517
22609
50112
56915
41188
24120
38018
26576
14484
14499
7109
18219
34241
20928
61352
29860
65943
45188
47059
3190
13960
13198
12175
18910
63994
53875
44851
52055
40730
60191
66585
60697
43233
20616
56016
27723
52364
61338
54815
11141
19003
67983
499
32655
54790
66638
38435
66518
21996
41534
51271
23581
55501
10072
42894
11046
23455
47924
46272
50656
55498
57001
3224
30548
39235
44705
15334
5380
37959
42814
13098
36400
56270
6831
39916
9983
62370
20092
12335
37947
12899
61364
68161
3625
67569
1856
23023
46517
39835
19519
18264
16044
52766
279
38956
33857
66951
24401
22944
61811
68417
37962
23318
4798
41303
59797
4080
43974
25675
38628
41221
1126
22179
14480
57206
67289
11986
45025
43776
56151
51189
42528
52259
14075
66593
40115
2872
12900
7348
13347
31159
20610
32260
793
45339
23037
24894
53676
6773
31984
65399
14017
32606
52351
14500
41485
43812
47939
29599
58424
28642
60681
60682
29125
22783
57781
65925
65570
1195
20076
46670
54789
9706
24231
5999
58842
65922
59834
68570
61987
46859
32417
65797
57296
29184
8727
19180
50213
2883
13355
58650
3378
49726
55555
40562
47597
42187
28348
12699
55517
32563
53308
48915
49690
352
3890
48729
65734
54015
56518
57051
13742
60569
49098
63901
25096
37944
50403
64176
57091
5278
45496
25702
57618
53454
47075
49340
50300
25709
67406
40578
57084
47541
42584
39777
23818
52151
14905
42043
23763
32814
16869
46665
33105
1594
32731
15512
68005
61294
25756
67494
26629
28671
28262
645
458
679
62508
31733
68057
9775
18498
739
21518
61182
54375
68329
63791
15396
34143
63875
64891
52276
52315
7501
45849
50584
29256
7241
981
62925
21049
27698
56687
8702
47546
50645
50789
23939
57542
42775
18459
39192
33867
34623
20715
51739
45464
11690
1622
23743
9557
6309
18253
50575
38829
11685
10112
40895
31702
24963
16500
22152
8985
64391
16269
43566
23182
6580
26969
56585
40948
23935
31583
43907
10346
12445
49110
54128
60177
24311
34178
9804
51824
38384
67157
42001
14784
67037
59990
10525
68542
19169
57368
53499
49432
23458
9613
33810
42913
41012
34932
42892
11616
30778
42318
41494
30392
22240
22492
10198
7576
59512
18882
47406
30448
16671
59883
40328
51380
66524
49743
19073
40010
50445
41816
62663
15662
56473
1737
41792
44804
35439
64404
10258
64953
28738
3504
9110
62346
3769
26784
12498
19107
19111
56298
58474
48095
28737
22285
5451
10669
24198
52557
3984
37164
16976
12143
17755
17756
50151
53681
5779
24199
39243
20895
60614
32235
12642
66200
65891
9172
46727
30037
59145
62775
4894
32924
51833
59375
22589
67493
176
44555
45403
20947
13735
39177
43826
57281
27093
30998
764
17047
56178
17667
50699
31462
37867
10806
25389
53054
41084
5510
31872
5659
59819
12081
6326
66207
18285
66024
5498
32135
3637
9317
53456
10573
23139
51529
37442
28278
32178
28491
25163
52238
18720
20618
24313
31840
54619
53627
15460
58729
34546
12444
2602
21934
57673
26719
34298
68114
66824
42923
68279
49177
67653
60811
296
26440
61857
46920
46924
54987
8982
44100
62769
55872
59238
17806
44454
59939
24544
23580
64707
165
2717
21419
26415
13824
45323
3492
3359
49040
10622
20425
46788
52322
59918
44325
61301
68566
16512
61032
22935
20813
57253
37837
36138
6948
30876
61275
10299
62427
4128
56089
50435
30205
26930
42535
7296
53137
215
7793
68116
52771
62749
3268
47339
4690
11187
15506
8038
31944
45669
65650
9300
26581
32136
50054
47713
39523
40303
46933
44004
23764
41826
27222
47552
19177
50118
17512
45121
54099
25721
34464
16349
61201
17039
11024
65490
42886
63195
6322
57038
42277
21911
47770
52956
5349
11231
37244
60646
28879
12019
31729
58196
7181
37983
39460
15083
47901
55814
19096
21190
51604
60375
60982
53749
40154
9464
44516
50938
19318
27737
12290
10088
9470
38734
26563
26422
31673
6172
54125
53037
48605
27226
65121
678
31178
43034
60830
26929
1283
17470
15635
29726
42869
3097
65424
55559
8140
35911
15439
159
25570
55973
1191
5064
54123
13221
32548
38964
7360
33253
64740
31250
35698
12591
49984
39115
21542
42516
53874
53748
65197
4795
67572
35001
46981
17801
21776
20921
13884
58549
53616
41392
18672
29862
40382
51879
30254
16211
49190
57371
3195
29762
5556
33103
20925
20177
51355
6287
45879
55511
10211
66761
38266
49993
41104
1783
32082
9521
42358
10717
13457
46279
50623
55667
55976
9606
5494
22592
51090
61453
34505
33233
21247
28054
12557
37571
1101
4284
5830
50878
30982
42481
34121
20834
64142
5901
25764
44947
2123
29302
50183
17965
30798
9656
1579
8224
27027
55167
13447
46536
58423
1027
9217
480
23208
62045
25628
42019
60282
9771
6717
179
45460
25929
29519
10220
7523
4867
2512
24781
11691
36679
45446
21723
43517
8016
50673
38092
28195
31023
67327
31051
15946
17304
48431
38332
39044
17543
48883
45215
6223
67497
13247
55739
3373
20449
24409
20045
6047
32863
40381
43783
32449
1026
47153
64244
14514
39861
61180
8863
51332
14510
60999
42506
12310
14760
14408
21170
58462
36406
25145
65423
35631
48427
61344
1149
30377
36212
21700
14903
40595
58192
46250
28837
5814
27132
4478
12463
26155
17601
48090
62662
65099
51426
35103
40400
25281
11610
41075
8805
59986
17693
17166
25524
23116
29971
47391
21963
14776
31514
61295
3098
10409
25304
38016
11099
51388
14642
26306
61615
51374
44105
31378
25465
18581
59407
3029
374
36594
942
12698
29017
4189
35863
19172
57145
21563
4405
41172
39244
21598
65208
43733
56059
65120
25428
17393
6809
46404
51427
19106
11002
56571
12984
5392
50489
38787
59705
32420
49667
47458
49875
21954
11505
37880
51566
16982
9210
46364
60325
23526
19102
2424
33799
64862
27738
56437
10901
53693
39119
21937
8593
9915
56725
68470
10310
3313
29237
31859
54310
39807
48747
6467
8357
31037
42610
36237
39184
56629
63909
48900
19142
52714
39039
12363
32595
3038
42261
3873
46515
10533
41398
414
63730
41192
21793
22165
56798
8134
8671
47415
8397
6741
12109
54334
3430
37936
25603
48898
52195
36193
9184
54086
28753
10025
58529
7930
28702
40298
37978
43731
61176
7472
46895
19845
7499
65384
63412
60636
2939
32638
68176
9703
15518
50597
46338
43889
24326
6435
515
54624
33097
45419
65618
16332
51074
16321
44872
60333
65320
60136
36913
31301
32264
62234
43242
52558
60024
10289
19489
27263
223
10402
20279
62725
67851
62906
19237
38949
47518
47509
15896
5554
66382
49165
8595
9323
9037
10512
46873
10667
65215
52121
67605
1767
51690
56300
47492
58712
22569
38747
11097
38161
22571
23236
63706
31251
21448
58704
14764
46857
36999
64594
32864
27066
43723
62515
23594
50922
46419
22280
26028
47429
42946
11233
41948
3582
25799
17946
36778
61343
44765
8587
19893
44106
14089
370
16435
10474
63355
7592
40655
16029
22920
60138
22057
16711
21395
26979
41099
48881
9985
25032
10234
34649
62099
6540
1559
43576
63381
44104
7926
7703
37716
51761
45556
68147
47490
17581
20111
7820
60691
39444
39441
3930
32205
58823
62439
25345
48307
51416
21550
67714
15022
58687
52993
11000
31969
61079
14295
25590
31071
61561
40709
30783
30495
1197
63586
24419
46975
57066
62261
23946
28759
21164
18384
43156
51518
50572
2375
43169
64167
52058
4651
192
12587
1593
67887
32485
55515
57681
57794
11423
19982
2088
50690
14495
31762
41101
57259
58040
50792
63969
67362
65687
51763
44434
23860
62380
4866
22327
22306
19625
66254
37165
34618
5065
27346
54126
57343
44430
56821
10953
59513
50055
68179
38615
34871
12193
10087
66289
13142
47899
13875
27029
2893
495
38090
55502
55497
12168
59400
5461
47877
66495
35644
34179
12986
64080
23571
4247
38205
16985
55322
50996
42804
40680
56475
6218
16233
39127
39145
8398
7907
8558
16225
34675
18665
40536
67652
61999
45420
34034
2555
32275
64400
58988
11513
38076
42396
41696
62691
11281
53907
52464
11009
26661
17182
42859
47451
46872
29756
52333
55971
61558
25525
24790
66704
32248
23846
14046
51901
34481
53788
42815
15778
62785
10947
52274
66168
58994
7696
21752
7186
36865
56244
13110
22252
11471
27028
48407
29928
15078
25044
16212
25849
8698
4436
18780
56295
13832
56311
34483
2013
8570
20496
5450
38926
13885
20874
25821
22623
23460
43246
3511
2763
26234
43724
20773
45754
65252
22205
58784
56320
24004
41608
60246
38924
55930
39445
31910
34570
36586
63912
37168
64011
31314
28900
33273
44842
49681
65818
58320
22553
8621
10602
38622
65347
10684
56679
11266
37155
40140
8791
42281
3920
13138
58709
60056
41857
52946
6864
67496
18015
9560
3630
49382
57297
54717
63142
39501
16675
51075
36787
63309
56426
58222
12247
51264
43491
31025
50616
29769
67388
22747
41843
10542
59304
15200
50892
65864
46339
65626
23918
47057
49573
55548
12167
18865
6078
19159
30317
17497
50677
45015
52027
51839
33856
64068
28121
65930
59125
14757
43768
45898
10756
9888
44066
62743
27743
60025
53408
62976
45942
23328
64173
32992
3969
13462
43769
35651
57283
62936
47244
50627
63726
66217
47392
40594
26943
31468
65697
8037
1630
62076
58858
23838
36685
59946
44556
24561
54809
38361
52431
44877
59949
34961
39961
23545
61024
52516
2619
19005
15910
43346
62877
10305
8115
21589
68131
68054
18534
35632
60632
34417
13095
34268
68177
13099
27074
64931
9705
66703
65022
26438
49691
60799
54655
8350
63240
39231
59278
31890
60221
11507
5870
58323
59835
65826
64866
4984
39410
60084
64020
21753
51176
53798
58552
64592
54787
3975
48993
68319
39146
27140
41833
5927
20005
23178
52373
37957
62771
53643
61622
51857
53091
20055
6859
68537
10405
57255
53420
22643
58738
8575
25789
36398
1849
15018
61076
23057
30972
13317
47295
56191
38745
15213
23643
28479
32597
66959
15613
3363
12436
12859
61417
50659
39195
55610
9065
48733
59941
49669
64579
34813
31098
724
5665
63324
23674
35483
42276
42952
15757
751
50367
62835
40419
57246
18913
47610
34222
65868
28367
15696
2194
28111
6537
14654
33796
6394
6719
16355
9303
52749
43037
46497
54802
47519
4543
52958
56775
3352
41413
28443
41958
46824
60615
23536
62905
40592
49458
10773
68500
16663
62832
26184
39598
39087
46998
13461
50791
56432
23177
18147
12871
2680
50085
32730
33978
26202
38619
56803
65341
18386
30467
36323
17487
56781
6046
14107
65354
2678
64835
50937
60806
61104
6582
59142
28161
3091
28214
50514
37082
37108
16
3196
39616
12472
43913
9768
17885
49601
25141
9566
2432
59717
10733
46361
63982
48800
18139
44755
15201
57372
17956
25056
49184
48830
33263
8014
19835
38467
1444
44676
46672
10738
23844
4966
63273
60145
62672
31145
62676
32562
17963
5778
27154
60929
42507
30847
23130
65834
54948
47053
15874
62095
37219
10084
28270
32662
28697
39336
37500
20343
51115
42914
54241
806
14847
27328
16424
36484
54844
28594
49105
40041
22594
9574
3757
64229
57396
68472
65661
63380
11088
30553
67713
3046
8923
54265
48248
40405
46814
57269
46993
10172
28325
39368
10976
58466
9940
20529
56229
34958
38107
14644
58210
53999
58824
7591
54043
64703
11452
51144
50957
66564
59858
52635
20796
55838
44990
48604
27094
51844
62826
33092
28141
6154
23700
26981
58792
6225
8876
40316
42818
27363
21729
25307
20125
26190
33207
65622
13016
57262
45466
11106
64624
34131
61186
7887
62649
55951
9948
36459
9107
23686
11105
53241
17913
44332
38012
50152
61422
37419
2169
14312
34797
23607
7112
14425
39076
67386
26053
61985
47605
28638
52866
8599
59846
52458
53075
4912
61289
64421
33030
34677
29717
6701
32551
62457
20693
3937
21313
18032
67149
9922
17142
48299
57183
63712
2693
50843
27073
7315
3781
11742
37386
22968
39332
32545
16558
40330
40348
3315
43738
11757
56487
1511
66247
52634
65259
39602
14768
16695
41550
36587
2795
42731
8984
9064
38499
37653
19046
46632
37163
28050
33433
36525
28222
8579
23755
65422
33919
51609
3424
195
48264
13941
18247
48583
51191
63134
3000
65615
34746
53625
15503
12243
3767
52913
64600
16414
2108
1552
19906
40322
31156
32439
64827
8356
45699
32291
41094
68501
15355
1163
12404
32756
36805
60030
53442
44998
27937
45697
60934
13753
60932
54576
30077
49964
31839
11530
56274
68324
46634
37112
30325
59702
33048
33980
14030
64917
15100
11663
19439
4446
16834
9565
16495
47455
9502
66850
56249
58689
67873
46558
66441
55505
62636
52320
47344
12581
22253
22126
23799
38341
68438
33179
52038
19268
61291
3480
8199
56091
20411
66253
29875
33316
25207
58496
65805
2701
56872
37488
5866
36800
59682
62922
4660
55487
14929
42029
24088
20878
39367
39439
6528
9213
42472
23314
60683
55798
38987
30559
47400
35250
7865
4784
33939
18467
653
48759
16821
3966
34959
19813
44275
25285
68386
31517
55231
13337
40524
62732
18634
49804
6801
39471
66904
38958
37396
897
20666
28294
13341
59519
43002
47132
2735
46921
6266
19469
60324
10245
58455
67524
66359
12661
22846
5443
17481
443
60086
38
9914
28861
61023
56644
53328
39053
10068
4726
9701
62937
30506
52282
31474
37072
64187
21447
54577
15106
10231
51565
36600
11237
50306
1299
51605
18351
22015
55816
51606
48829
58076
62977
65305
15021
45326
44782
42880
16858
44757
1638
40938
8591
42632
62660
55445
40410
24867
10665
11080
18413
52053
2457
44685
16448
37372
48727
30027
30500
52861
19282
21331
65316
64485
10858
27337
45032
17488
35107
66149
13591
31052
31110
37364
53617
44550
22135
13745
51333
16761
41419
67029
6402
35132
67318
16827
48904
31632
59810
61448
4877
7060
13700
50234
2829
52924
58833
43583
46557
40897
13762
6834
4336
39199
61345
56569
42304
25453
4114
36148
63793
40815
5828
38081
20535
66849
40631
52680
62763
6449
61173
794
46281
7295
12576
4895
1049
10298
13140
12462
3142
40053
33135
26178
51612
24238
6504
54919
20167
68477
34189
51186
59084
20039
12655
24397
45649
12264
43908
13370
68458
45010
36619
12214
56299
61635
10988
51099
35338
50158
23132
42951
28160
4959
2689
46963
41519
51362
13274
15144
22006
43785
4400
28746
68388
63817
26456
26651
47152
62778
56878
34611
64865
26503
53501
66384
15358
37659
43105
43920
18119
22574
36341
832
35109
19342
10093
2454
7408
47822
50749
6089
22575
50371
5492
47969
26509
4623
3228
13651
28095
25639
57272
39173
29312
12906
56424
52517
60421
54667
10523
5709
22121
9530
22644
67026
21532
14356
21570
3923
2516
68009
17700
55806
68004
34670
55819
38865
35941
4712
10242
40130
46725
17876
27941
4723
51245
23617
36143
28986
19191
27085
12890
377
49865
24698
30416
62285
32162
30424
59621
32179
6533
35699
60945
58069
68265
4561
35045
6384
19997
64817
20606
2074
25800
11693
35116
38327
31382
11083
3991
52012
3479
3188
15295
57448
46764
4794
59653
52889
31307
36949
64581
17886
6151
48896
28326
39607
37512
3833
6584
2433
47358
16684
4535
15408
1052
65946
31731
30068
46325
52169
25656
2270
40987
29044
6833
49435
54044
68221
8866
40561
40399
35215
1570
61181
27007
3916
39469
15034
33212
54259
46804
53309
31104
43273
13740
41609
67383
27603
8882
35140
48388
39182
13256
3193
42400
65200
646
55212
33727
15406
23147
6087
34633
14980
23140
33722
66262
62424
24712
52864
41906
67166
243
50958
61222
16644
43095
51301
16810
31985
27892
30829
773
33091
52344
5601
28119
25515
38438
34122
24317
45226
56805
36890
53638
58840
1937
21601
43692
30025
12118
10948
56172
68502
68736
25357
54589
21688
26756
39162
11977
33060
65368
16796
2518
67311
50738
39555
66644
66616
7140
60311
22016
52925
28152
21624
4661
9884
59651
25335
2995
49436
754
38052
55740
55657
3015
32326
13794
55545
57061
11445
4132
52432
60041
22996
8216
39606
48908
6448
33982
39346
23961
40104
12703
36213
44534
49018
41479
58933
56834
62637
63429
51293
31316
55120
2111
20457
17307
13446
27796
36156
58147
26156
38369
66623
59692
58600
54559
51070
25314
52349
40112
66447
6518
58926
23025
47341
59798
16468
10865
20609
6240
6900
64189
26704
14226
9305
37221
48104
66525
24395
15634
25343
27046
40366
644
1008
44723
17108
12485
36605
11087
4554
61758
57957
16351
35211
57949
14031
30161
8471
52033
12863
4911
14529
41544
57547
17150
64892
10095
22234
49192
45663
3776
32815
63307
27036
34242
4306
1198
20410
43552
38954
35220
30911
44618
4771
15313
63464
2172
63511
17887
28712
50518
47647
26196
25992
17081
14645
9523
65394
21251
59124
67869
4896
2272
32916
54807
41409
40936
15473
36916
41194
43798
31420
43797
3765
23071
30022
5975
59841
647
39600
42788
56444
1631
16754
50642
8705
16757
823
26632
7754
60045
30956
6519
20551
22270
68744
47435
63860
25278
38315
62544
8607
67935
40560
49333
47967
16497
7260
65832
38134
15084
5583
5559
58785
42283
41423
15851
47646
4144
26977
5304
44936
58530
49511
52042
40192
40396
42497
51076
53458
20037
7273
8136
52725
35054
63904
19124
39190
63905
34005
8427
26148
30413
43745
43750
51771
8359
57606
35948
59283
54079
54164
50323
41135
5424
28376
65692
10656
32409
40947
20500
38870
16649
66830
20695
32911
23660
4892
9517
66170
53752
63221
760
55805
1514
49545
59268
41812
31312
28254
3203
63430
21489
53715
23954
61000
55281
9887
37368
54313
36110
60803
57050
4113
52933
25241
49473
39176
60634
45771
1165
42789
56038
38364
1203
15517
23173
20158
52160
6184
16467
63815
63854
27767
41935
46790
58590
56506
53510
41400
39325
24062
65249
4976
9607
8600
22565
14775
60108
20494
26757
51109
43482
43551
65621
41248
46511
24197
64172
18540
67823
41415
55265
31873
43753
11042
363
16575
53976
1189
32448
44359
60728
25732
11181
45158
66178
6613
36612
52681
59141
67507
15135
39584
42445
47827
27096
23000
59916
44567
4303
27225
51220
61078
52957
46660
43977
44436
38084
63331
32762
44267
38707
3766
42431
42466
11119
42444
41468
31076
64035
16415
216
51207
8365
44791
18584
65128
44
27664
56126
66884
26222
13113
2758
52711
478
55676
183
14501
37238
1053
28974
477
1078
50417
54591
40390
1743
8208
54278
23203
9904
42821
19984
57496
1792
51266
37539
16560
37079
25528
21189
47942
42388
34475
28745
42385
9503
56015
24566
14116
35216
10510
894
17942
66625
11515
65217
30834
31909
44329
31908
31004
59871
49453
36279
18017
17040
63703
17043
25633
16477
23744
19744
9360
4776
13429
33986
45325
42505
25200
61337
41979
50737
38818
37876
39959
2411
45026
23221
65087
4404
42499
25144
6476
29960
41943
28279
53737
31486
1789
67053
24122
17838
41379
23588
11282
31416
44683
50702
49300
63728
66666
66471
17699
26734
26720
20199
34148
44321
6065
46869
44446
14939
8285
15516
12228
7257
53541
53797
51147
53513
64741
39271
62932
65319
41611
27938
16854
18269
22723
14848
53304
39
41143
46360
7139
56665
52271
16291
25493
44107
20607
6610
65195
5452
38439
51184
23841
26947
61198
44983
3093
59150
55967
46486
50662
4914
8980
67722
40280
41305
39611
27606
9617
47588
16218
49554
15681
6515
20741
17970
12641
51827
59130
6718
17210
17109
10111
14489
14911
44847
5976
63727
11409
36621
12660
29970
6169
22716
5968
47430
2125
21255
49154
56071
10907
50943
8138
13761
53695
50814
66411
39929
34829
19091
40519
7141
36223
49086
26542
41459
16934
45190
45191
20799
47878
65848
46264
31197
5970
20138
23704
4318
63203
51215
10661
51775
29309
50272
65688
5264
15668
62446
21521
39321
17511
43290
42493
55937
20892
57209
13153
3922
57052
10408
65303
52843
30955
60301
58599
30017
47525
30597
62511
20200
13552
26922
27008
42691
21561
5423
8606
6219
39272
8765
43803
30946
20549
40905
5390
31083
5833
65562
20169
16292
64607
37799
53441
13939
9319
56709
65198
4083
29069
59096
13097
30648
62669
33430
60948
65045
65031
50655
19669
54665
5201
65651
42460
60075
22115
2461
41095
35207
40292
40274
28849
29018
61325
52050
52167
20
21293
61889
51742
18677
5888
49150
62094
21427
41196
32935
25516
60150
28641
66843
41908
36777
12590
25330
21997
45031
10924
53746
12283
15347
23752
44848
40302
68423
28194
62670
44599
9821
44297
37520
61178
12271
22864
54080
61415
23980
43144
68015
47459
14783
32505
16933
12238
55792
10126
51808
27355
53642
47817
48804
55229
50583
24970
68298
39320
57369
40042
62742
26367
62779
32576
38706
28882
50296
63401
7932
31297
54621
3360
16908
6510
38867
51575
61757
356
65647
65951
24990
32249
21248
53909
7815
23345
7755
57146
50487
18656
43993
2891
43171
15225
3921
45145
11536
45648
6182
59801
58851
28497
16679
63425
58553
575
6222
22691
39440
56021
25408
59889
60141
41480
25291
7393
14944
54050
28650
39301
41193
49149
53809
54788
65792
39862
21813
18257
46745
33047
31810
21312
22110
26642
1696
21714
859
22238
52556
39586
53439
43270
48611
61839
13278
40148
53105
22923
68001
59929
45200
44949
10579
60863
10185
39242
12499
740
44541
62379
20546
57266
55803
40333
56855
60227
25724
52506
17969
43348
51263
23943
52507
31399
22430
49471
47002
51299
32371
65882
22842
3440
36412
32817
14866
10732
23066
52260
31993
31734
21699
20050
43150
44621
40434
45651
4463
4143
37502
23942
61238
64833
54000
47212
8559
55162
48004
28098
20056
35700
17046
54001
37220
28579
11121
60804
15090
64392
51376
36235
58148
21171
27484
66499
58162
11686
2790
27602
53736
17544
416
53410
51112
7821
29776
11012
33309
14344
64037
25094
21735
65232
58989
2965
47897
54253
64069
31559
26544
8167
9216
19280
5811
40994
20183
55173
39946
39583
6168
61184
35136
35141
7909
58972
40045
40385
40750
727
49676
27674
44866
5806
23788
22847
47086
30453
46509
13158
8225
53709
21519
3926
27932
12497
53733
25329
5919
40805
42471
5500
45570
35482
23529
67317
23525
8257
8978
52193
22933
9977
12190
28507
49016
63889
58611
60411
57165
31164
43547
41138
40290
19281
20672
4685
16586
41176
20420
66639
66588
27824
38333
55858
62695
46407
46406
3466
54558
49033
51152
22017
4477
3827
52630
34801
21522
45157
62923
4920
3202
4872
49671
47934
21433
3469
30869
61832
41097
38264
47175
44324
31421
56177
61346
19666
49449
7871
23220
46569
3780
57129
45885
34814
43718
68432
7705
13017
64616
64921
24604
44005
41388
24766
278
29201
51351
47233
46624
25368
20104
50079
21132
34159
65665
40098
52240
49430
42288
61013
9945
59381
41180
65250
23064
8875
17576
40908
32780
47238
27091
22202
66251
