73420
11152
7607
59862
49999
79389
67625
43356
30433
84543
20950
46038
62902
29741
49407
62571
70201
23158
7181
81877
63707
81726
47211
6852
84830
52662
32493
8248
63615
58678
7613
84875
59508
18591
35782
18188
23539
39242
30277
52890
71433
44034
7495
2705
85635
66024
77214
48152
70965
19732
76392
61530
1911
88537
26762
36980
36526
75635
62600
34853
72359
16090
1106
84581
33123
41465
26499
21834
51239
10547
52977
72970
38192
16038
62636
74568
27581
63136
42232
53971
64766
23259
17284
78567
16961
5363
78341
13495
19087
57537
72563
5260
21169
33850
40629
17202
55321
10707
10956
14186
81626
46240
6433
83239
14321
51649
30978
31002
13589
359
70407
55967
83537
55514
20740
78920
62300
25418
67444
30574
75970
56684
60960
83769
24237
71935
21150
25791
64442
38596
70700
79185
83357
54104
63787
47582
29724
10970
71508
83982
81725
2777
12712
64250
48230
82648
70715
49525
44059
5495
58890
32351
8772
47041
17132
45247
27348
77122
9936
19734
29478
84314
24091
80075
16822
41826
13781
21144
80826
64330
21103
76580
34685
31053
67051
79874
86537
58290
83133
87196
11363
29392
44038
36058
61381
23800
76901
72445
30856
7854
8542
5496
42926
28917
22089
81730
82035
60860
26925
7369
37650
30356
58121
56631
82277
58418
7080
70942
42635
68917
86083
87927
4966
71104
34245
12164
21338
50822
42604
82744
47704
16269
63659
58797
59520
38846
2189
48554
22935
59583
75205
24394
67624
21846
38276
85301
3362
71280
17610
17034
75126
55902
18198
27869
71176
63746
53822
8079
81600
14527
78264
30769
18419
85197
44816
46339
51848
82618
70105
26931
66881
56131
52706
52838
34273
62272
75636
34937
42179
72090
75845
16189
21634
40835
51697
28927
29731
62793
37531
82405
48121
11575
78524
82534
3424
66224
24031
7981
4288
43170
6596
59408
76375
33923
5101
18657
68049
53461
64033
39502
12087
65248
61441
36183
83028
84738
27812
14927
41494
71477
83340
41672
54724
26023
57614
6974
38755
68918
51342
24927
47249
34617
67547
6777
74131
76863
87817
52529
17376
16881
52506
23601
48964
57626
10683
368
88830
84491
13535
85264
16511
58069
9546
73886
62141
68662
78166
11208
70943
55798
72972
38064
73785
14233
43654
14937
26294
6090
68055
7562
34399
68764
66068
23720
24338
65619
44245
65988
46491
88028
37970
19543
5590
28761
6879
16218
35021
66161
67521
3686
82481
65267
34935
63005
72234
83306
77047
78249
63249
62998
11542
45406
73869
19204
58035
28541
8168
4249
33032
60345
18259
35913
73117
88555
54405
13973
29688
26080
9905
19455
29301
63865
5468
17836
40436
68970
37714
70824
57120
47861
53596
19774
34237
73099
61330
54976
64052
28873
33484
16787
58198
49744
82095
253
85976
16113
55507
5786
81940
22850
76444
59681
47055
16902
65387
65696
24085
10338
38383
69159
10329
10864
54516
68718
75149
82289
14322
51467
57068
11879
50582
5209
12735
14178
48313
34459
36162
68955
40355
55881
40577
22897
83839
75400
48470
28271
30791
15995
80879
39317
44158
20019
41844
53371
85455
63326
49252
6999
304
78504
14274
11544
10755
63849
1434
59326
131
13449
11154
3555
29642
17201
45467
2373
54749
68015
37716
6206
82320
40448
82800
63788
18378
63161
37424
21372
20378
46584
40069
39017
48908
30344
4139
34929
57647
80002
30796
64870
79
26240
739
69800
83206
49009
16879
75734
34085
31512
88942
84355
46234
33027
25135
31705
71662
71719
39411
37290
28529
35165
4420
10450
53637
9935
67597
52868
13376
31346
42992
14222
2007
8021
42772
42386
28560
32630
56786
50546
60622
68068
61241
10392
6023
24679
12011
88923
42548
44822
24588
15919
43338
30952
66001
740
71846
19269
83256
43487
87195
74103
21369
84519
83977
87464
4114
5830
4531
11548
5574
56396
1234
6526
42675
78005
14702
89193
71844
33324
8307
50556
68715
9715
17912
65306
58518
72912
22266
54450
51514
83084
44529
82264
48627
34614
25005
7644
75565
58161
30872
76940
85842
38270
33111
47534
1851
34403
69961
56041
23697
33455
29955
16093
10604
83490
83726
14934
81618
51216
57568
82949
69024
38095
3946
70208
80236
57980
51849
20474
30278
66261
31191
85272
42585
77249
27919
72651
14989
43261
10266
9
53339
6698
5873
44237
83774
69877
71162
60278
20269
52530
61888
66454
77732
7770
88221
44916
85552
74242
41835
29940
6782
35262
21501
30661
44073
3580
31765
59611
8114
42739
37722
33458
71975
75968
9057
68245
79137
23289
65192
63285
52917
60938
74397
4193
9797
27716
662
47828
86041
46096
25529
3485
34863
67877
59457
26696
66729
63948
75787
51872
84825
83728
63490
43571
15104
55896
34665
14662
32966
18291
77086
39971
51156
39913
80109
9290
87278
69494
77063
49811
85071
77137
4450
10805
15243
46276
34488
2381
5035
63180
4630
85757
26605
72297
40966
88093
23790
83734
28561
82253
53548
86068
87071
16007
65269
38384
10985
41492
11987
24858
69153
15223
36128
1077
16125
63514
12280
77644
15314
16320
36376
20494
49619
17373
83889
29964
47397
24623
10306
83255
28503
50895
81728
5394
9260
83516
18624
50169
40180
66142
78004
22061
70727
52484
5494
3257
62874
70782
1403
50545
63367
63283
11346
49335
19277
83860
62013
6429
8566
24680
60744
57962
74644
34263
46241
73914
80648
37355
84545
29534
23514
81782
13143
20771
59937
63765
49078
71480
68340
14182
43300
52118
73185
87168
3204
16887
47039
33562
31641
21327
3058
14298
28120
21459
23021
87748
22022
85184
28161
23853
61382
51115
32529
62951
48951
40796
81094
12724
29750
16362
40020
75663
15252
61778
6195
82753
26180
75185
18191
9504
65719
367
7936
28
76695
57069
68602
46170
8183
76609
72909
25096
69879
52516
22459
69564
80463
10770
40840
35121
73110
77251
29503
76692
68759
68140
81649
66217
13416
49699
7492
16175
71314
51209
68535
79660
29812
72893
8556
50231
42372
77213
68053
56644
77764
68052
34757
87167
71963
10489
8173
12744
44819
27449
12726
47092
77174
26144
48574
4256
29992
63364
25105
80569
3426
48378
9346
61562
85972
41954
31976
21306
42581
2669
10712
14596
44240
84688
46274
61352
56845
42290
5592
42377
30646
57411
71322
56054
59865
89151
89112
45706
72562
72456
29737
85256
23515
14413
71795
72105
72107
2798
77565
83367
1679
64484
45824
37640
14705
24377
71289
8005
3220
86947
9090
494
35232
16514
80561
7844
72560
40711
82309
37666
73816
3129
79602
52273
88657
1547
87641
54521
57582
61015
51426
85841
9261
35073
21334
4187
85281
63752
43251
49101
55842
47694
10704
63178
74238
49692
87743
67128
83798
63137
42642
23615
17514
10715
1031
64983
29232
29581
30280
9669
59191
45420
74364
17919
25586
29279
29218
15410
82212
11373
60569
29710
88020
58533
5735
67010
29697
70789
8660
46500
33268
79832
70710
69108
63668
26258
37625
32944
31226
58799
52896
59926
35675
70195
42881
8695
75127
61010
52745
43324
44068
24713
70974
6395
76471
42884
72525
71667
10393
21142
26348
79283
37624
50450
65794
89120
13577
13655
72553
3887
43903
70110
84017
48480
22746
15738
16544
73896
38186
21545
22471
84244
20470
16901
88329
73762
70187
8268
20432
6277
17149
2416
69794
9680
83883
83736
20117
79898
17138
31755
58295
34489
14633
40597
36693
54745
29189
9557
14229
88296
2886
10323
45332
69696
23662
13514
85640
72127
59972
1943
55207
79922
53225
69572
53230
70209
21065
52055
31745
83025
7370
51506
21170
27514
13406
56497
80127
37353
45067
87097
56295
84942
4119
29719
78442
45357
57850
75312
47043
34825
58073
54003
16739
4596
67714
59063
39683
32028
51398
6786
54007
6521
76328
69575
30018
36035
35652
55233
63867
21672
49689
79827
4505
22011
27446
13104
5511
48969
21591
3552
28143
14311
29156
54177
76788
19163
61444
23485
54977
25095
33750
29689
52573
5109
20032
14675
19146
8480
85072
20138
79582
17402
15457
59349
70713
77899
13282
73060
58419
87264
57178
55108
14325
14746
31286
49994
71415
14737
88074
84525
14237
51109
15665
2932
27742
43255
81896
62575
59184
31622
80771
35642
68411
40367
21356
31978
35221
75843
62872
55660
33992
29585
83152
21054
35168
55185
55486
76391
30890
76599
62643
85553
86999
48717
13785
32905
9897
5355
24116
82910
18457
36720
85486
46203
731
75107
70770
31284
3919
25730
7913
35690
23828
33171
52615
32942
74955
72137
48804
27878
62796
80101
59631
21218
15395
40202
61137
12579
29530
16667
88871
11344
10382
32908
55187
59843
76490
87475
38651
74311
44100
41407
80110
19480
2259
49300
73756
11632
58021
70773
34942
17120
47040
18976
13313
81032
70823
57924
53547
79514
13616
22518
71713
70276
82211
85240
64300
88973
85078
65300
62499
87239
80773
84544
65660
75401
42630
15813
38942
20614
65791
42778
63389
57672
8057
59091
75130
33772
75297
58776
73085
38472
28920
11279
40942
33764
10288
611
74557
80895
30027
81002
22506
23906
9681
42276
79498
42732
34673
2404
80863
62474
73810
50000
35023
78687
59186
8007
57336
51116
68014
67266
8265
36821
21331
63186
62237
62262
72224
51879
19085
33308
69139
58835
50017
42454
63392
56438
23543
73905
59695
53983
9286
38992
74107
56364
66577
42363
1163
85740
37068
68388
73854
27954
53426
46662
70691
69503
65458
31943
68141
20119
57931
78857
80868
14556
10486
52192
54349
65657
47719
12665
23943
1927
80734
5030
81808
36886
35273
72688
49483
4423
63621
75133
4208
65302
54717
20909
46161
75128
46340
27928
36652
61777
53730
42734
20994
79687
80870
85482
49422
41405
61440
65577
14431
51271
24814
28563
75609
59805
23109
50828
55889
51063
40102
84690
56840
67339
39113
22664
24635
10517
47202
35569
15347
44664
58062
39416
73345
24757
32023
14550
10980
68263
11378
83852
22208
32636
51477
21967
5112
63494
4982
66182
34241
72875
67713
46492
59131
42664
4500
22846
10394
5790
49298
61585
10326
57260
62378
65349
27662
84171
62481
24442
13642
62149
76882
16374
81888
18759
36997
52834
83809
80234
88290
48027
81015
65933
12728
53056
75238
33818
27848
82290
67270
23222
22179
50181
13097
52618
57375
68037
71959
80454
21544
8098
39824
70524
16190
56143
24589
19805
49443
68788
58497
16411
45278
56639
45266
67223
25422
23854
43100
58420
44821
80051
58371
68651
63568
50009
85219
17583
85807
13198
58854
85728
37008
73754
32894
60978
23723
64553
64551
39693
21787
78270
52325
30960
76208
78475
1610
28913
60871
6182
24866
75924
58949
82269
69155
13797
19236
61651
10463
88105
68179
21629
24322
85077
60478
54806
71421
63343
66725
39806
28544
56905
36334
50935
59285
7933
85966
78103
73783
27018
41868
88935
9319
76470
3836
8511
24645
54463
70944
4725
35744
69783
29942
52948
22394
2694
2441
34337
79794
36082
14745
58583
85992
17666
73179
38297
66700
67725
8522
2793
56582
36551
48187
7843
996
8308
423
23546
36663
66087
54185
87694
78891
41208
85276
20217
15419
72277
80558
59744
63509
12713
38529
42617
11483
35975
21928
71577
10840
61100
82319
9256
29650
58049
54159
42467
2786
999
70910
64980
75784
41104
75981
42959
18262
67899
50583
76384
82754
59041
75925
64968
21386
83094
84672
9384
26921
56043
78572
19764
80384
79469
47700
16363
32965
23399
3044
20087
76445
78196
74539
26885
27060
83057
83303
4035
59907
1933
58657
79249
85202
88896
36515
43915
20545
42715
82436
12408
15986
26462
85472
64437
21566
19918
78180
83978
12900
8508
35490
41611
82702
11187
5732
71788
67661
75966
61804
20769
79912
14650
56122
89141
3070
47212
87370
48757
60793
14995
82393
2701
20999
66587
27801
10123
31360
76694
78515
50054
12898
27096
59741
83304
55752
53914
31958
57573
47881
51208
30736
24956
45462
86230
33976
43651
26954
58297
36305
50374
28922
79200
53499
83953
44210
2782
38410
15216
19421
38175
56358
43863
47030
55671
66219
23167
72901
30703
28659
22797
77695
29703
26101
39876
42052
36617
56012
14241
64441
52232
10514
12752
31673
86032
46926
7831
77147
31368
65464
50238
41840
85233
55659
10623
14715
58517
46290
64032
14540
68804
83943
83944
36849
50321
66211
10453
41554
73758
30359
88295
23106
12416
27095
46459
8263
59470
12081
87966
70855
61152
70528
59873
40636
71688
21288
40848
2812
418
11527
23173
89133
58847
57977
26986
59445
74915
55188
42640
78458
70408
20445
62599
9676
4434
80545
14731
21587
79994
25628
87263
17517
87696
2966
81130
63081
85495
31030
71031
48934
74224
81685
35647
42676
37619
69220
9381
20421
70124
86415
15313
48014
57814
18110
73492
15711
65156
8371
73171
77967
595
12502
48059
47827
58620
70483
28042
63583
17154
49688
45891
63342
50500
60327
51330
23981
44298
26852
39966
29017
84173
11327
70702
87988
62695
17808
53535
13615
20400
49286
32444
11539
74344
87377
73613
42799
6854
39852
16213
38569
72469
73411
83344
37110
66837
79240
33073
8834
42629
59724
59562
22927
33869
66535
15543
59245
196
9716
23691
6434
9886
26022
81033
30954
45948
1063
34055
16117
50555
15997
29654
1926
4748
58046
17337
43359
45713
72910
63540
69399
65323
29797
9095
72811
36896
44289
31660
63074
21524
46239
29587
81183
24964
47128
78263
12005
8208
14172
6145
9066
8024
43653
4066
54372
80223
86343
55181
11484
5221
33977
63519
36666
69896
52247
37006
8410
24783
59578
65008
43503
36648
57397
17121
37690
77500
31288
730
3885
3737
85129
57121
33303
70569
83415
16612
88771
19302
65792
27314
31031
76697
68606
59455
37280
14002
65346
33718
83732
38788
43233
38954
6557
21337
5219
2885
1506
20790
25275
22020
454
43353
23517
49282
35020
15068
34704
59628
26820
73828
41298
29876
78796
13256
81216
80885
14707
73968
460
44209
8787
66930
42972
60980
87423
59005
42304
48505
29696
20120
22311
76474
16188
55357
84528
33154
70014
55345
34859
25943
52492
68466
24938
11105
7934
86503
26279
55636
74244
30906
14022
61348
65498
14938
76326
19147
1739
40622
78539
58319
46657
85711
68390
9311
13649
56957
81902
21671
53065
1813
24393
19553
32709
76219
60500
13298
10369
25882
75515
80946
51351
5368
81107
87261
74558
9343
12500
62893
61050
16251
8276
13510
18562
67471
65623
38536
72221
13512
10509
11517
67546
61281
63881
69241
79257
27160
12730
54486
14011
30916
32628
12172
59042
80619
47920
20318
50768
28100
44262
74309
85380
60044
63399
59476
67669
71318
41737
23661
86900
6437
59697
21235
50611
44393
46047
87106
56882
42641
2502
40667
76111
26474
41853
52054
72177
42480
45070
28291
46792
32222
1912
30082
42093
66220
30033
40059
51235
59235
80993
80872
73917
61519
85598
6273
58358
707
35066
34684
11382
20661
62584
89078
29297
56632
53884
24944
30361
33301
85626
15234
76687
8106
33561
87082
85733
85643
86397
63393
54171
10744
63715
49693
187
50338
38631
37295
79941
77262
24056
24487
6607
15318
33340
67790
50187
17332
60091
63098
15423
43666
37188
65172
10073
46686
79700
34409
63175
87961
38781
17446
7778
87819
64978
1099
72096
18472
31319
11481
38389
79943
52111
56502
31161
23438
74997
51362
59304
77033
41321
37187
71120
25942
76728
42201
42970
57534
36032
30774
62040
44492
66926
10957
7813
17010
13117
53872
81771
62421
50307
80078
73058
17397
5
28770
21972
34274
14320
53924
70764
24402
73477
50563
13335
49829
55098
44526
69178
68266
82174
27576
74913
45559
83412
955
7601
17440
81351
21215
70877
41858
45917
71476
39747
54507
67560
49566
85221
15339
67007
87717
43454
24035
16357
24741
41527
23185
42243
29899
27741
23542
55679
86081
45038
36879
12682
52260
3575
71953
88357
85998
59317
78358
39926
21134
42994
1134
2774
86257
20134
34086
26904
54585
78430
71097
31763
26642
44049
53085
50447
71479
19992
81393
8253
79685
31242
5510
27079
21151
56976
81603
78521
68865
8713
42933
70288
72886
17927
2337
31940
67205
31381
46590
51062
17667
80527
56482
79495
38617
21507
1540
11513
12883
82124
62911
63368
22934
29235
4899
51190
45952
75680
85959
50035
4183
78277
43320
28814
79667
34271
37553
71510
34132
85460
47254
84520
20148
29596
40384
28818
78895
19342
73111
58070
28048
1843
54267
12066
78441
84005
45216
81706
27660
11051
87562
76109
2398
67118
49775
77564
28929
60665
72175
50532
53359
22469
39644
57619
72449
3682
41264
10092
9889
11487
7102
27448
82256
49129
76791
66483
52612
65671
8515
78176
56569
49524
4023
30293
26720
52124
22951
10358
32064
56564
7630
53792
21690
68802
939
20622
24511
11466
50218
36633
24832
69068
53477
71146
52814
18915
31371
76502
58535
9574
47200
43349
1692
70714
82599
59764
36382
31328
31773
74249
60623
85115
88073
74236
62096
23437
80156
41133
18068
77785
68965
56964
78595
39963
48478
3107
45666
84791
36228
46825
88703
86744
69105
11998
7991
7857
49828
31828
62277
70318
15831
72781
64324
71061
3998
72891
76683
58122
70981
62418
45232
50372
54550
72801
34127
41287
87468
16203
49652
546
31160
40376
19835
61545
74304
75016
63341
40189
10688
25929
55665
59058
56885
78373
41110
40900
50551
65037
8394
40716
74315
5974
40377
18256
61115
11334
68146
17745
56370
85465
7577
67849
13103
78172
3943
48359
15262
53551
82603
70275
5145
62598
52193
65892
9690
23398
18308
21348
26457
32903
82176
12859
13796
5375
26130
79300
87955
29276
54813
52032
19281
70992
16830
69832
70103
77319
2937
73283
12396
73108
56946
81444
64959
8595
23010
54272
17294
59506
40969
71948
52245
34858
55442
57809
68966
25421
75240
53298
87983
23012
21751
87982
5401
41773
66529
70970
1067
83994
40845
80195
729
53168
68719
15644
50553
12105
54868
40580
88140
76611
56740
73913
42862
62480
58793
4207
63124
16790
47754
19828
73665
5669
79467
1845
23726
11991
55691
19484
52584
45703
20180
2079
49073
89103
44213
10848
50603
67660
21363
68612
64658
67069
47987
72490
79526
46235
9671
52077
35935
56435
42979
3422
83354
88436
37872
47982
45475
5004
70128
4666
694
22458
337
83296
13650
69624
81913
62844
35903
2643
78810
2734
1533
18977
40200
28075
8264
53936
2091
43656
11340
14337
49993
15863
41050
19276
86266
59389
23582
3268
74758
72086
12734
71583
13499
15030
82126
58528
25043
21822
18918
10582
1567
228
64238
46891
4033
71261
87980
8409
35114
48869
82913
71575
77176
65121
40018
16412
88898
11188
28933
17049
9238
61009
1849
39150
60470
72983
79511
65659
83043
44489
68826
50313
23545
21635
67269
26505
11422
27713
60453
18922
3546
21612
20488
18302
37351
43265
89118
44313
31721
82409
61363
10803
41350
60147
14227
40785
81676
6634
35190
51347
53602
18459
25879
21679
37098
6648
51037
58033
67144
16817
56541
43665
8219
89073
48035
50529
11011
45756
37089
72172
59447
32755
40006
17913
778
13333
79508
972
36533
79518
69516
20665
55141
60948
64004
16264
59731
16464
36936
76867
83134
36890
87632
52533
79513
27599
54740
2265
17053
68534
23839
66026
28459
50990
87129
16473
75638
23351
47651
5757
48571
8032
24515
65766
21792
1871
72251
68854
38903
60157
55769
27663
10653
13420
47074
81047
71972
51090
14505
10611
62371
49085
25587
63530
34430
63776
33699
72136
79284
33640
59084
57079
51482
20434
13783
67957
36467
73414
17628
891
45671
80562
46801
9951
49295
26537
85373
71407
14558
75516
76507
33333
21973
46460
181
63071
64536
2725
66549
48420
67707
2946
1613
4870
28801
86940
44390
77924
36180
26420
28486
68261
18112
43082
23817
70967
86630
8257
14595
39236
25941
85230
67261
13377
15533
87744
79194
57997
58676
24746
11635
71044
81916
46258
76813
18549
73252
77841
85700
14126
11104
53142
82873
86264
2677
6737
68333
72504
71408
4049
5593
7474
39583
39139
38061
31756
26019
3264
32727
42554
31693
14597
1691
78257
34837
48247
12857
64546
18884
38111
41025
46790
41085
40609
29954
21748
88131
61655
12749
50083
29016
24729
7534
8784
49545
42624
16337
9237
9065
46663
43383
34784
21625
5837
33713
40389
68022
82038
47657
66953
53074
17921
334
53222
50900
36300
21805
24306
66927
19280
71293
71714
76539
87467
70828
14539
46370
33140
82239
31792
20786
24253
21131
28160
83675
2891
1825
67131
45746
74319
46453
6463
56670
53999
80271
11207
10567
31719
58041
18780
18654
81452
2778
83830
5576
70139
75570
46644
21880
18592
73670
69300
62514
5622
4104
3554
54158
10643
16149
56368
26999
49645
53386
25617
19422
79707
46582
19927
74790
15664
15506
11608
61729
80301
34400
1100
20475
16507
56773
58318
33987
55100
61085
56285
18931
21575
14678
50398
83554
85210
8447
20115
32424
84841
40654
22401
2670
59003
64588
68780
78604
75007
17494
71343
24640
88065
38655
79624
67170
57358
31115
3927
48181
5319
40709
58128
28060
24241
71242
32963
30633
60681
74247
77897
62494
23989
27163
19206
60294
24479
65152
30642
11896
85238
84778
34840
49408
62207
58332
18326
70518
32856
60959
88006
18521
81937
67917
88767
17051
57117
27556
63467
49968
23199
77890
4529
79278
1030
32433
16415
42736
30080
51974
32021
1795
78385
11540
31301
60631
48894
81164
14069
44316
71140
68144
24553
4438
36427
10274
35789
26907
49141
21824
70784
32842
55109
8406
16360
61131
21627
46432
80027
52545
23513
26816
55512
46875
43650
8353
44239
67341
82317
81325
66913
819
74064
32730
39465
89140
66918
4627
74469
28880
57421
75808
7271
36654
68519
80514
26260
9497
29951
10532
42936
81604
5212
42636
62420
27302
74291
30007
29796
58851
1677
27844
17608
84786
13843
50365
16825
39138
24043
49690
43274
2406
16564
11990
61179
76712
51267
10293
8668
82173
84828
83360
19410
83138
13407
59514
60350
11319
58396
21329
17920
4943
65347
29659
27817
62435
50612
2015
6739
66500
3237
22626
72541
9801
69368
58672
8707
67076
20423
24637
84597
75042
40374
16889
2806
27571
75564
7574
75136
342
32910
17831
38171
9507
83652
47584
86176
81264
87420
17013
2263
52670
69466
80015
5826
754
85487
73601
64547
76337
85201
12564
7142
12899
85854
46147
64095
41376
15416
26796
64299
15338
7973
4115
15192
53998
53620
86027
68762
14589
63106
28286
88591
86833
28113
47900
77275
15344
68065
53605
63223
87080
63710
72401
86568
73888
26338
76688
51215
82070
11213
2178
22738
68864
44467
34602
75187
72776
24756
2292
39864
77720
62642
36649
18921
85496
13410
47072
72948
44530
30484
41839
84399
1835
50004
2339
28370
58991
16369
12037
61218
81145
69029
1159
46505
28080
364
4451
50239
51999
14373
32074
88224
13974
48349
27557
9320
9371
4201
40047
5036
22088
83013
32371
9604
10960
25007
11108
26773
19458
87739
71682
7852
27311
21133
58417
77200
1698
64779
63639
20098
14789
9647
61245
73560
22647
9215
85237
20777
19930
60634
24042
76812
83508
17918
24809
9758
61386
20300
17855
224
22806
20350
14332
49109
11691
66590
47702
17897
2489
11848
22918
38341
57400
33805
9946
8667
71368
84966
8450
32950
31569
14490
15663
68896
25137
14224
38957
51164
32205
21294
88356
67112
3517
87693
32318
22981
70957
8271
753
78167
76708
48060
50183
79859
49072
26421
35217
38761
79496
64003
70536
29993
31930
30004
7861
72819
81919
13807
25064
10500
44487
35836
3042
23605
78357
72165
67720
63344
25224
78736
50528
18522
37151
35074
62360
32153
19407
10824
69886
61384
7327
78550
1906
14177
23536
17715
25046
35133
38546
57493
3751
69899
3041
81265
33763
48963
32580
38353
89099
15392
79961
69897
45781
39927
36706
79850
61907
19377
19777
73806
44031
26929
17830
31522
73035
10417
29012
76785
14699
46653
8452
88059
6500
51272
42621
53463
54490
38927
17290
50642
40787
7340
35087
86609
88758
67353
86625
45545
65656
1561
76460
41698
65920
51259
40596
11062
24904
4938
1571
23434
23424
57410
58434
71094
48872
43083
40087
63447
44283
24289
52674
26463
30029
42746
64921
42924
13334
63275
1029
49082
134
366
13991
140
20155
455
76135
34945
998
57978
335
702
132
146
25676
60765
5498
72404
1637
42752
60163
70004
87268
6323
23004
39140
34823
83350
3195
85013
41691
4780
28825
29171
54428
67832
1363
64967
39797
37101
54184
55222
29147
69868
88689
33548
17854
12120
14679
32800
52703
26431
5822
84599
75839
20143
16741
59515
24747
70769
83327
40080
28287
69576
8067
4897
54779
34452
16736
71138
87921
71405
30627
63078
22755
14954
38812
7150
58865
39602
51415
2086
73095
22757
89153
4871
58574
50232
73495
29501
7978
51802
48913
14739
21510
51358
37648
79203
69109
47061
22848
60387
87960
80669
25881
61247
19884
19159
87929
6738
41692
55367
20130
63789
60010
11184
58009
86944
3610
71426
31920
88675
20659
55839
19876
61767
47194
80104
49126
37692
34785
14238
121
75359
71295
67096
21582
9957
75818
87258
51331
15105
44249
79143
21322
755
40079
27749
5736
34456
45589
48070
41997
11620
58733
88061
76520
7456
46969
20444
61986
2770
5533
73590
75735
35392
74550
29209
26971
21450
82633
62224
75982
64893
26818
59858
1872
19233
44045
38273
5295
34601
76204
26707
48705
20998
2160
67313
54329
55471
1508
79698
48145
64432
28337
49342
32708
12210
3687
37867
51237
60890
13987
20870
76508
11659
41533
81111
32135
66264
41509
27310
24052
10399
1770
39314
16555
70366
68600
78246
73927
28711
43900
87432
34187
42602
74782
3291
72394
68951
59866
6793
22588
6451
40595
15921
10583
36330
74271
42587
42375
88991
41738
57999
120
79474
34280
11602
6699
64253
7266
18980
52619
75009
9799
66275
13323
51312
27142
43423
53789
81601
46957
6608
9372
11473
42404
15671
40450
50047
26464
56844
12417
75491
4752
84358
76682
72109
16684
42644
47658
40572
20216
84102
25065
84397
75792
9211
68260
24781
83796
16586
83252
2664
68187
6092
60331
69951
57190
71050
81135
43408
50525
70517
42855
18451
47836
86730
74176
22467
33870
9667
55827
58532
12006
70804
31086
34928
779
65257
61123
55006
41683
87815
40046
18896
72264
85801
85207
18418
60019
7860
7138
9253
51928
48477
3059
81938
7606
81449
84284
55772
88103
63382
10879
50459
88382
68533
1551
54110
71672
48186
26455
33338
32687
36234
66012
1656
42747
65471
8900
13473
17546
42934
88902
76516
49646
85990
38406
10212
44771
75319
64234
81785
68661
79729
46775
50080
48553
64652
34372
25998
27555
14370
12956
43642
4184
79515
23588
29187
23230
29754
9880
46622
48746
69151
67250
66898
51472
10705
68083
727
29729
70983
43040
62479
13811
15456
70615
48907
76681
41774
54716
40400
58908
39560
47749
51227
4925
85262
81660
28596
88049
1126
60144
56837
75556
76886
61366
53729
82460
57889
17026
50605
84847
78408
11598
28096
80460
46658
60108
2103
68682
8793
22177
70993
59687
60005
83496
841
18556
30555
18478
6506
32941
69554
3996
88096
31425
2329
26009
50841
32930
72074
87030
71003
43323
29060
9956
41560
58795
15209
48375
68395
56966
62941
55416
72171
21797
67913
45318
55680
68066
63856
58621
23166
54545
8697
60592
78262
16681
43297
82177
50046
75639
62901
7295
51605
66963
6747
37350
2949
83862
21933
30174
65906
45888
55126
76521
45175
70246
42601
33225
87738
18687
86199
22726
23184
74419
6347
80079
74814
35186
14802
26563
8076
25379
1123
1124
33618
84867
10414
17813
38614
77093
141
39599
51580
71434
79196
13834
11840
77135
31333
74489
9601
46710
10210
16212
48834
64714
87747
29398
38766
85231
81903
85195
39448
34788
10600
49539
13518
59816
27029
48946
2818
87134
48129
21069
43973
78434
27168
47090
78174
68392
59176
46713
47141
43583
42566
33137
74687
1925
87702
17375
36426
5149
65882
49466
31639
15651
50609
64483
33875
28654
32316
38712
2959
47529
21441
7187
11343
37096
65048
24361
1151
24732
363
55229
58359
84206
50896
14103
34174
7889
17943
32027
55503
23570
47743
35840
72088
74474
1426
15128
18485
76843
1658
3258
36991
33851
404
22464
13049
56762
16006
33261
23538
64230
21604
49748
43369
10058
44305
22397
76216
55794
50625
38059
57693
38176
27401
36083
14474
4437
22957
33999
6653
41561
4452
4605
80286
83315
5909
3535
75492
84906
60678
21219
19842
46989
67543
25187
80585
58575
64778
29500
80076
48331
69154
32331
50613
77487
9664
80530
83058
20602
29908
47348
27352
1468
51613
20804
29744
52858
216
74589
56124
21812
56879
79632
38875
38386
1161
6003
26448
11512
69795
26989
52887
61342
81729
9502
81163
11360
27205
40844
40339
39500
45246
24363
70337
22517
62089
86161
31952
10522
36723
45281
47569
6276
81154
9390
88863
80657
80333
74899
11663
36230
85594
24586
80341
80375
11798
76608
81809
50176
78905
30924
44404
5359
22187
63959
14691
14053
73541
5787
1115
79210
17032
44427
30674
10199
29415
73164
32492
26350
23482
24290
35136
65775
44253
30226
18771
21844
45698
34782
64741
71634
33230
5959
20996
2830
71569
41084
22993
61361
61343
65330
1903
30284
68523
77598
11206
18483
51032
49777
61175
28107
85746
28580
27865
70496
53915
50242
66856
25054
53579
85177
83770
89075
75015
59310
50003
38848
23892
26573
19275
31793
87259
41701
54483
37234
56453
63031
3533
12490
75541
14005
83014
30256
15202
41574
14315
23602
40208
2817
36677
23905
46173
29646
75819
53788
3971
1098
9802
35476
58771
81766
37656
69740
33064
1293
87916
1820
52739
1101
88870
87197
29813
39215
33592
79925
33236
29296
53251
74816
17809
88389
88788
86597
86037
87677
21237
69614
45033
28647
86225
41576
32498
10760
84279
71731
81723
32292
74642
37000
25099
50055
10451
8569
51346
84016
65702
352
63704
32202
88557
45156
12252
88134
42468
32221
57225
49745
42043
53084
34770
9607
6511
30746
41883
63637
61613
89072
60326
30609
41244
23894
41117
61806
81120
33265
2764
84940
5052
49336
33736
83884
12122
23883
45132
46124
64129
45155
88328
73582
46645
45027
24551
23885
88698
87060
23900
19124
12221
23797
31295
12197
17198
79256
81702
33206
51698
10077
3612
2345
75605
19752
53082
64923
752
86483
73426
21755
8019
51979
4615
77217
32144
74367
52359
56770
13140
47619
59859
55094
11688
32871
52846
67122
44207
60249
43698
87421
85203
75567
53549
7324
58366
33224
3581
30183
55463
8709
48182
50335
5290
2982
74688
10324
21063
70013
68817
43739
73805
71793
47781
51684
29294
16513
67071
80995
79270
57849
78035
80772
20683
221
21750
20323
34645
1084
31324
2990
71444
31803
56899
63874
84410
1564
5773
59370
44114
77170
5456
70083
36458
59511
66800
85015
56587
34918
39483
44585
30038
16471
83833
68712
32120
50216
61642
8092
8659
33174
71174
30631
12042
29227
34728
39319
60020
60033
65352
63100
77716
11521
35715
4576
16358
68949
35161
68256
85198
26303
445
63352
24170
12393
12961
54932
26771
61905
9955
52215
77938
13500
14281
40444
68393
57041
30005
49538
30603
18461
33539
6538
17849
35818
16914
21991
21803
17155
52932
60497
30653
67797
29052
79992
73462
42582
65353
20795
79913
83679
735
38780
81652
63358
13523
67213
14717
53985
14291
9685
87282
2307
53224
9640
88322
64642
34727
10756
86918
68350
16905
61944
11751
47406
86962
40781
28430
78636
117
16519
78746
532
11519
14949
82268
1936
53662
69302
59512
24881
8080
18487
18417
21721
47672
78247
4005
63762
25793
28118
51206
29219
16682
21315
40528
67565
62433
26142
1663
35932
23484
61850
61217
50049
89150
64812
81925
79869
76017
15451
4118
81447
58873
23169
18537
27510
59174
69618
56567
75096
2266
8042
69970
1729
68974
41107
53291
2579
73527
65088
24261
60428
85739
16688
42783
65324
10391
44287
47306
2192
6615
64418
54761
65014
6626
37114
5505
33863
81794
23581
48942
87231
76501
10498
20028
64372
24782
55469
31659
50614
72894
27444
82259
40246
82265
40212
78077
63284
39376
12780
41343
67283
61657
70872
13125
31797
54999
21756
25097
26079
9997
63819
46990
41268
31704
57290
59343
65873
13401
8693
20162
9945
50606
79791
1024
68021
26692
19888
71633
66411
56947
67348
31880
89139
12014
48203
13734
33598
33119
46591
54586
10706
37715
80654
88092
36310
36820
31027
80446
54384
81224
70259
35341
83313
7639
73898
46894
5535
26249
69069
57114
58772
50219
15932
12059
21838
27445
14917
79395
62637
39471
5033
89155
21371
63763
58300
60930
71109
11192
426
62459
74110
14945
51887
51089
7410
51086
7777
80024
32140
68342
15542
62500
36322
55023
4585
613
65459
78600
66184
70732
40061
17025
56493
34722
45131
32499
37878
43668
10454
44015
45549
36400
57961
9157
29081
11837
6479
49841
62408
49696
76865
34855
39690
10464
8939
63148
4129
57419
87369
39855
41647
29732
40060
77882
61993
27704
54985
51535
2542
46745
35091
59375
22351
73561
50281
87633
19895
64868
64844
538
72211
57228
44545
63878
10130
62805
53146
71512
81031
28098
20021
50559
47970
68984
15505
30920
38581
46104
48473
49626
58794
77418
49663
22977
22762
18297
45755
68798
60751
41349
11515
78935
75836
61084
64093
18180
3790
26597
39798
48016
32029
19378
40710
55817
81394
28805
35234
74372
19405
54227
55692
81890
51886
28449
16053
53466
68426
1914
83828
31957
20492
41957
42283
35958
77032
33115
29773
66575
57575
24962
70447
51998
15727
82413
20379
66526
85235
77780
50436
32121
12784
48716
55737
33332
61762
43226
47723
9949
27724
13677
50256
57211
23658
5536
11416
46000
88458
55748
87136
71797
21505
24555
67910
51719
26677
1565
86261
20941
72259
60503
48648
61646
76600
43619
1531
8444
87876
45011
46119
83391
67052
28150
51328
68950
68347
26600
80874
15275
31339
43618
51067
10571
6231
9388
24172
63964
32964
77296
8034
83319
30487
22769
16163
30486
46887
82549
25442
24158
55243
7846
31788
33859
26772
43663
47310
2384
53155
66553
9909
71136
61385
88312
30460
54248
79704
40735
68050
11522
2081
65747
36667
73829
52113
14104
51218
59367
71897
78854
48479
11418
2299
7408
2960
14733
51899
51847
60119
43774
81656
46174
39916
26871
53987
56230
80636
18857
54587
24695
25902
80660
12228
17668
59621
67252
77631
52699
46970
71908
1238
28280
49502
56418
1915
39579
48217
73588
60609
21326
85126
57223
47826
39656
56444
77241
67718
83294
49898
61814
15676
58124
71704
18206
80390
49820
62885
32403
33245
67885
84809
1892
64851
74488
39355
81621
1007
6753
21939
32070
12805
34982
56562
76042
63784
21749
11361
20616
44527
9924
36529
60624
11377
11897
51369
70761
21147
21145
86232
56971
51306
40249
68023
39114
19025
11528
20546
78599
48150
18697
35547
61761
69228
211
71122
41357
46826
59018
29589
58160
28440
21316
47849
40092
51685
22669
67053
9926
40526
66499
4772
23440
52712
24098
36545
12422
69866
65208
59237
29572
31630
88872
54934
12775
42449
28612
38385
67947
8088
9576
18893
30247
87317
51359
75588
2419
81035
71001
72768
71685
86028
74561
69509
25193
73985
84596
49902
53088
63702
87057
69429
47722
47794
50771
14406
12987
39175
75068
87280
8361
6645
13011
12412
71335
20797
45575
73004
60962
23521
69401
48636
30788
80306
29832
78912
78910
12884
59788
72126
17816
23066
10076
85770
32523
21152
29651
87816
331
55711
59056
18618
20375
79597
17508
48017
4594
50151
8906
15418
52324
24476
25993
6792
37048
76686
24784
42356
83209
9678
70116
13265
78110
7931
77901
24958
29519
10487
78471
69243
85921
72463
88864
88862
32716
34938
73045
70467
55637
16073
1532
65345
29473
701
71532
34162
8367
33984
7782
22624
13574
28926
10062
85466
78582
13051
45669
77045
74685
14371
36759
59538
74230
64526
82483
34044
71721
88066
37064
9666
57817
84870
30188
82445
83261
69692
27026
56000
64240
53469
26984
24127
26440
394
42108
46493
8557
40789
54246
77146
56970
9830
64054
14436
73198
83442
32253
71099
17518
18292
46197
53151
30034
63533
2967
16880
14101
75241
33312
84406
63640
11339
53070
42963
51495
61660
27439
31240
24359
14921
36885
19547
52261
83735
19411
63855
40343
28014
78654
41874
62422
88966
7937
57982
17391
61555
35307
35051
40846
60861
47221
68339
68447
70266
61362
86229
44846
50861
42978
62041
32976
3794
79191
78418
6612
65299
17047
11479
70102
1521
64030
33153
1581
11543
32939
13932
21670
72163
42800
15924
55785
32077
40621
78477
72452
45004
72384
28540
46501
31873
33368
50233
30958
47883
82440
336
86998
52749
27144
54336
21762
42614
51402
47739
509
47721
17442
52802
88067
47151
47155
14271
73820
27559
3959
16341
48961
29762
77889
61589
30488
21231
69056
52716
60145
52505
57884
5129
66226
15993
60351
76027
9626
42883
71416
15867
7697
73056
5809
24939
24929
10389
59961
18898
79816
82914
85522
5106
87657
462
57191
18636
22795
34458
69227
16490
70811
36466
72830
46754
70977
18612
48751
35071
51980
2973
24010
7141
59740
73699
8575
77525
72809
73349
54400
41935
52014
23845
76866
15281
6544
53273
3565
11203
11535
81992
26454
10727
55354
65590
33712
15113
36407
68925
44666
3215
43214
14514
80794
71597
39921
58468
87058
80647
25968
10511
76400
65011
81682
49853
11611
36632
68267
57231
56766
42277
56425
77781
87315
23270
53693
87466
83461
22463
45514
32540
82561
4456
84927
86219
63469
10336
42020
21584
78193
72139
44940
11695
30275
86880
86572
86569
46822
88979
85712
17893
83055
12496
10372
41212
32872
69796
83302
12018
87096
8690
68557
79647
36033
10281
33467
78575
63646
60630
61283
9689
20992
87594
28119
87642
4495
63703
44879
88550
15307
86938
32743
60228
43450
61521
81045
21104
15720
17388
51850
68125
9577
24543
64894
63517
68597
88566
18890
80964
65122
973
55343
61602
41700
78479
57473
23261
53137
72287
52197
59510
68973
27423
63251
53670
22789
1666
26627
48143
4003
73615
73631
80940
67228
19983
15537
36700
8803
86409
51804
29523
87165
80100
11480
16143
23869
33234
56223
68229
69070
28528
75847
87457
49084
43459
50358
55768
68776
15362
67711
3616
9058
36894
68204
79273
47699
75010
27119
63618
86159
44241
19390
22827
52930
88925
79985
65246
44066
76821
5263
65191
26251
71080
756
28071
27397
23153
8478
45648
34338
45654
5874
71391
22991
8020
76049
66878
48395
39731
8687
84909
70972
58962
14402
64249
4729
9760
4198
977
48838
32955
83814
8545
30513
42576
549
38310
57556
29584
86347
11045
449
80289
9885
83223
10383
36408
41168
86861
12578
32241
58510
80332
18214
40579
68746
61173
71269
21123
21813
25093
46859
25403
31149
68575
77010
9089
73789
70126
8377
55658
65580
58828
20150
18665
26211
20884
40651
55841
1696
40661
80996
31095
14690
71028
46874
23206
5364
59564
51079
31093
68062
79826
56072
23727
14324
72804
50446
47808
29265
48061
63525
4090
88697
13250
88702
86943
86082
12394
87163
6514
68180
7803
377
75809
34836
27750
72667
48146
32956
36699
42637
80357
30737
72025
59838
29615
64874
86306
3035
26302
6545
68706
536
14223
79277
1910
12778
73494
24737
49469
32422
81643
60670
37442
66426
73618
84692
59924
1921
75311
88651
40780
76724
17011
44306
63647
69814
60461
27872
20016
24556
61132
61192
82288
62484
15647
78908
65062
43537
59729
10330
24173
79280
967
73007
398
36394
28346
13215
47935
34267
60281
23933
30032
66797
4593
15494
36952
16506
68730
21932
31094
75077
58656
80277
61285
44009
1184
46955
75696
18880
28545
15345
58239
10525
38928
11549
71570
20508
77659
16350
71698
64738
74706
1817
9387
43352
48720
44035
660
61811
9339
26018
38512
70319
27303
39157
59414
53126
74783
39354
59573
9730
73405
83390
9625
79437
69110
83863
46828
54937
64961
81705
30638
23469
64252
69880
82377
44408
2296
33033
61289
7541
34165
88301
62475
77655
19201
27179
8555
8100
44242
35088
82495
81318
53381
14176
6637
77711
68556
36575
32888
68427
79705
52195
82417
74906
66269
6393
51121
29829
17387
41843
19824
84289
58474
72977
61831
26241
37393
80575
80645
20948
48260
42403
75097
55771
24267
17292
69917
58674
57013
47120
2105
58068
55355
77041
72884
7915
26578
89117
77600
25639
77464
5796
51508
69568
44267
5812
6477
65793
56781
72149
63706
20322
14926
27925
47532
16540
18250
84013
16530
88409
30803
83452
10518
1418
25794
2529
66989
55836
54506
28897
79701
35214
64657
78529
58226
5660
79720
52527
1549
22461
17753
36721
72446
41756
35266
72564
54008
72398
86353
3661
42927
49562
32148
53306
67232
26797
61842
9833
9321
62142
65684
16904
2906
46077
40449
25961
49650
35242
17833
71256
2839
8044
53667
32157
42398
23171
12166
88593
69476
1562
14375
65718
27512
30652
60394
2331
69493
67251
64179
23315
80859
68334
72046
54202
41697
77983
67209
77881
65955
66723
2978
75442
59291
100
30696
42974
2533
15427
2148
87349
75161
77950
86563
28456
16474
25798
24761
52076
37189
58958
55227
9020
34373
2188
68585
74615
23297
38311
52132
23904
10768
65041
11808
1570
66971
53462
17954
45265
23715
77642
28892
42457
58889
86215
45187
11650
25447
75143
45551
465
46221
79209
6228
60366
85704
8063
71636
61609
42620
15934
23193
14955
21055
71145
70011
24622
28298
17141
32430
16738
22019
60164
39158
40652
4095
21752
72373
41649
35150
46117
65242
48511
82953
75642
51515
20272
31229
39738
5120
50498
80556
3613
42127
87609
45317
34297
74559
3012
9812
40340
4093
5509
77019
48761
31157
32954
87089
58659
31690
56718
87814
51436
83835
64011
5777
71141
56407
64727
32022
39692
84848
51431
4461
63359
72104
63357
33593
51929
32796
22174
61389
23685
36415
18623
38849
39422
33113
12016
7793
33134
33487
86538
56555
33998
79742
82302
33579
52237
728
33584
49934
79695
710
26341
7218
63400
13900
39378
65781
20776
37660
55437
29437
14495
14564
46701
14408
51361
36164
43377
76850
71131
72544
48472
31713
51104
53344
43092
23196
81042
61353
61974
28355
552
77384
39482
65588
28464
8243
12039
32388
80563
52547
76720
24357
57570
63821
73825
54738
62722
6595
68139
3199
19532
37658
77709
63653
84081
87289
86359
70179
79333
68120
81760
57207
72831
72808
78491
33226
73515
27
41613
14943
33486
4000
62909
34864
48126
7938
29427
15459
48210
35387
10345
76458
81316
62369
4756
24973
85299
78493
86165
56881
43357
82063
28534
71460
80911
11966
86195
88568
11899
86950
11945
29794
23210
69465
52116
3108
31795
51761
2751
14665
6665
64922
12986
12218
32149
80532
61663
39141
32524
2935
50182
88918
75568
49563
57399
68569
30900
27094
43097
52804
31637
26688
82547
29643
49686
14891
81162
52709
69114
27021
59141
50544
10629
77486
67978
47983
50252
79820
78638
67091
14509
63086
27437
84214
62275
8837
10409
55511
60967
64048
59645
59908
16211
19425
55826
24269
54742
59516
88688
55422
33114
24337
14881
34313
45916
84364
34231
47779
42428
72941
619
55485
43176
19320
20403
59196
78203
48373
65772
62602
75569
41651
34872
73483
7398
62465
29439
71310
71126
56433
42005
36395
34799
53899
65171
11552
69123
7977
32547
24633
14542
52805
27382
5179
46799
2538
81954
18675
26259
57974
83218
59062
35839
85462
48295
54275
1578
67662
83882
79762
45498
25136
25192
11328
79721
37623
52520
86942
3709
85074
66860
81695
22181
88805
77048
303
74578
26882
35674
16208
35065
35064
33563
80193
87692
75611
55361
71826
78480
19261
28811
79007
81390
20801
33031
45955
10325
10207
11606
66701
38649
61456
28002
32592
33690
57088
47851
56235
84569
26184
59318
7100
46026
34949
69898
3740
9550
25140
51414
56767
10825
52707
15264
44614
24157
42130
55347
77937
16485
33499
12397
77847
71913
68833
45489
17686
43750
24473
5247
62148
73273
49053
83099
9893
7829
71712
56563
86290
35819
54244
49406
64827
6585
57818
60530
3106
35936
24749
62467
12753
58870
59479
77477
33858
51690
15412
18458
53299
58431
37352
30753
57976
10958
51111
43302
10125
62869
48750
32646
55669
58016
72626
40103
10070
82906
68262
19988
57620
58025
73400
38625
67316
48476
10867
70778
86865
29018
64783
70902
10709
85396
42965
77599
18897
19877
28527
8105
65890
34533
14580
77463
57034
19318
51348
15868
6651
88560
46673
21352
64130
50564
1932
20505
30656
79973
16466
58197
18895
17495
18069
78224
71952
32915
83050
83781
34932
75425
73516
74577
27992
22468
83773
86753
55784
23172
64830
66589
44659
45840
24469
305
46821
60237
31825
18252
70338
20023
183
80945
59861
19324
30225
54912
41329
40847
2769
81915
13587
28809
469
48204
995
87299
24925
35953
37244
36825
42190
2199
80516
57536
78117
29533
5527
10505
29529
17671
84282
85587
9595
14689
80544
42627
45177
23888
59229
2577
6705
63656
87679
16266
77639
66514
27923
80941
61812
15553
4628
25216
63226
23111
49102
39156
72583
18421
12410
25481
67968
40017
44074
29736
68470
6769
82911
12721
47929
71912
13782
68684
22931
10687
79658
14952
68460
2089
14944
53894
81460
75031
42260
50305
73936
48339
26432
75315
43173
2535
70090
22460
63457
77546
55444
33651
51750
35081
24320
33768
48558
35915
60047
44923
37020
72157
83552
14736
8258
2698
22286
22985
3934
21546
26906
43178
19178
78248
44824
60221
54270
2894
74310
49755
49471
61293
8325
75646
23161
53647
37376
27133
24948
51356
35673
71102
42379
85404
63140
44581
16186
31855
22764
32449
185
1072
81320
38291
68420
53608
45331
59617
63437
2942
83411
24908
64611
11199
77737
62590
56293
77016
77353
2241
29438
43327
60398
60436
82544
4501
42860
30640
88571
44626
10897
58511
55774
55775
88832
84492
30554
82626
51248
81034
65707
51055
36085
4503
74581
29652
80011
61017
13534
72018
52567
40370
1586
75502
12977
54482
77733
70976
56110
17944
23262
15672
22309
4774
62658
17393
86752
13895
3219
27117
69179
10553
87229
4582
15556
6785
41051
32949
51210
83290
85225
60650
18258
47937
4583
61395
6539
34107
73969
68860
58830
30714
49662
50569
11505
62650
65342
57214
44849
17988
26504
81615
58393
56233
31928
13675
43096
22271
63133
41045
14366
51617
9645
84093
24048
29425
73688
16592
66888
71184
62868
48958
68785
6700
33975
30025
33558
29875
26846
30648
87989
88158
66955
71423
14555
81807
52845
2315
39759
46682
84938
6179
35895
20918
80192
76902
26103
4971
68789
53383
3117
56010
83278
60931
86262
42854
80766
77233
66973
421
69804
20131
58129
45710
29599
30600
59347
59376
17689
65784
49944
26643
78016
86533
49846
58422
41934
76916
35970
28663
57150
34534
83227
81125
21182
39533
8572
30036
3234
34875
47857
68058
31858
41964
31116
1821
11171
29735
85254
72367
29574
33247
33575
39682
54511
32887
68567
52251
60888
5597
15424
20022
4997
28618
80733
35050
76172
73767
60663
54319
36536
50530
4941
3484
76907
51478
15409
80421
53666
51135
74499
35181
85724
5195
33715
12928
10659
11537
49470
56780
1
89009
16167
33315
65049
32674
44850
5531
63511
10091
21422
85971
58315
70767
6011
85067
76026
26253
68532
12923
54391
58499
54212
58878
63768
16197
1580
52081
29188
52611
63751
7615
65678
15936
78086
18470
24937
71334
69511
68412
63361
42599
69163
84592
72677
71976
36548
67212
1767
49438
15321
29230
70862
74575
48184
80666
2447
83356
38486
33214
56226
75000
56393
21433
76134
55360
68128
19462
89040
23610
73116
60344
3387
17915
17054
19863
58735
46463
107
11106
1447
2800
83052
68211
76864
38362
43355
53404
50222
58375
72454
83392
52156
72286
33248
77807
80890
64477
69976
60605
33005
72095
68448
79944
49747
1142
65318
28145
51033
48019
32348
616
14681
45494
52489
87969
25884
35151
79995
468
87002
55492
74927
9712
13255
73924
19254
54174
5031
81185
79694
50361
14940
67234
48797
69829
38987
53496
75532
34876
49415
79822
68852
8554
79581
33834
48978
51584
21850
54287
18210
40837
32794
20020
73600
80628
44342
54358
54747
7358
41370
30771
63177
71026
27583
51084
48157
34811
79761
39866
52763
28452
12976
2309
74475
51926
58576
12493
35164
34221
35432
55668
63488
51258
71320
51428
65875
11599
7979
10613
58789
78514
83047
52018
21050
4189
46353
23273
40639
84965
71493
74331
87135
49986
148
49970
77756
61351
21523
88891
31329
72061
68178
24748
77422
22972
38894
65504
44842
39124
2648
83095
75791
72586
51307
51341
75146
52568
28460
19434
16333
81230
42967
85019
70726
69379
44802
53733
49006
67114
76341
12415
72023
46289
40065
52901
46944
38336
67011
38770
691
72219
30955
3130
12771
26916
628
28762
21778
50767
53481
7352
16200
54993
11538
79615
58377
88900
9317
19183
55139
83989
74130
7354
42050
11348
65316
75336
6389
82349
24072
62493
60562
85260
68683
34136
21553
23163
79201
46697
18924
66482
79146
71584
58150
26583
67352
35049
86631
30186
12211
80958
37241
44469
19420
68243
16553
12733
30489
75360
44204
27364
87985
14368
31373
57414
78171
48234
40198
14113
30511
30785
51100
82165
16587
59232
55436
46497
38313
41266
59315
18595
23931
56446
83149
38907
2008
36884
59090
71137
39952
54005
64613
53873
30961
70799
57701
13268
34414
55265
43301
55239
80795
59314
6502
35498
8014
26872
78917
6540
83135
71431
52066
48377
17690
9658
22874
72836
5289
61237
29991
24884
62652
23838
2297
56671
33596
85503
17799
63489
71962
16040
28940
61117
26449
4888
80652
9636
8786
59456
58965
27882
11651
43231
40097
34828
22799
42976
36707
1122
68264
44780
55493
72233
40811
38413
72246
54913
75184
5265
55348
10802
20139
80938
56252
44572
11607
29597
73910
3754
65627
8477
7276
36950
3121
80206
78063
81458
75495
31237
61599
79897
15233
57151
77040
9911
23689
83398
4946
73901
9600
49785
50359
50540
77007
6344
6349
36419
79909
2252
48510
30044
42738
49783
28774
88676
46125
77453
14992
75044
67105
51413
59491
58920
57975
34821
68338
23165
63644
51496
57307
48914
14714
26236
846
81240
31153
64591
54289
41493
17389
63394
43538
14990
71511
65392
7451
23719
30797
59871
43451
48067
54418
53790
65314
4796
3649
21982
25025
84593
72621
72619
29281
46168
52083
27965
49003
8780
44453
16146
59965
5651
75496
40981
34264
7152
50155
14803
4421
71051
78542
55182
6754
78919
73493
34598
62466
63649
453
88085
46586
46020
76449
65060
16849
82249
33004
72279
30424
46606
80022
7188
51396
3669
28708
50581
72581
30037
70656
21384
56764
88033
23718
48747
26853
54365
73342
17899
31146
29815
72300
20886
21308
83539
60012
31726
1465
47122
7357
4453
71029
38870
88309
82805
15492
87597
77618
51110
12687
30515
31315
53881
23523
44667
32031
28665
49080
43543
86220
83414
65032
78494
21330
65885
54496
74245
51048
14609
79302
424
69616
42619
28898
4055
32938
39745
53388
71101
44782
31636
8559
25675
10307
17390
26470
24486
59946
57719
1039
72028
53498
30645
68376
7614
34312
49561
48500
73684
21185
75867
2503
204
70711
75810
31135
63448
30644
8115
5107
70317
61105
57137
62313
25670
27127
50788
85667
64394
67231
35048
47633
30187
14742
49861
57401
39955
80916
49550
79440
47838
52517
4900
56066
20422
5407
4191
16689
41620
10403
49557
64826
54271
50615
2799
68119
67321
49921
52166
51807
22281
35162
85469
80770
52105
10126
75064
48798
24521
34755
4014
27121
16176
27120
14477
30918
8698
15667
46506
79340
80132
42605
82162
316
24709
223
58330
58329
34881
1404
77570
13142
52702
2952
68856
14882
12068
69693
76154
14270
14549
9505
62238
8380
30040
76891
84930
31621
41262
52203
32407
59059
31054
57153
74257
31227
9101
33112
37057
20888
31122
40505
14083
54739
15402
2814
46928
6580
51503
37287
15875
65509
30626
48952
70991
73865
46935
60399
58372
10261
4786
12198
25066
63771
85200
52493
86291
222
42399
39452
72403
23423
12739
42041
39681
26607
11698
60396
10413
51883
79625
62867
46711
22024
14588
85208
51092
82907
31430
3364
14677
77173
72566
9831
30248
64924
11148
38275
74307
7932
15811
75024
38808
82484
35648
58866
76691
51469
2980
11514
41696
29157
5816
31794
77148
39238
30009
78112
79352
39248
40094
2895
31133
81003
50772
8512
23156
11469
63397
18613
71947
61840
14560
76206
15793
41842
76999
85822
14718
55689
77896
57036
54376
32946
72407
33126
61832
32445
22466
22398
70716
84433
36900
80796
39155
10289
78028
45466
88091
58383
9696
70995
13253
379
6546
2943
72071
41942
6226
18894
80985
8238
73479
36550
21542
5515
59647
25156
79472
74999
56288
86758
57422
62108
84430
63660
65675
6436
35227
38525
38630
56958
76968
10295
40790
5371
22590
10851
67238
11714
55376
36235
80867
6185
31743
44048
66849
68772
10570
6183
89207
57928
80128
71966
66999
16672
81698
55172
10703
44525
39460
19856
14658
35967
33151
4983
22973
25044
48756
31778
59795
45667
68
79509
59071
10820
80268
79708
49076
81802
44434
1740
1823
6660
86364
42296
24252
61542
8175
25671
84670
65965
38760
52115
9663
72659
52486
122
51749
50499
19279
28793
84970
45322
45724
11151
70688
62383
67058
56437
14923
5111
34130
68481
35494
52750
30227
80570
49656
23968
66516
39833
38367
88804
76997
38885
77789
61373
54447
10333
39688
855
14826
81048
28053
58395
58328
16330
42618
4137
23659
14275
21319
70523
43545
84880
16911
47636
21992
27584
26479
31668
51335
78342
19024
12420
53297
6010
49029
63591
139
77183
59012
79336
27424
88017
74362
29888
87233
38183
30271
46607
69913
52513
40107
254
85536
38194
31646
51322
49138
71054
64430
53978
78048
78087
24550
25909
77666
39345
5254
73287
63093
40066
11415
20799
74105
15255
53346
77893
40618
73966
65456
71211
1350
37097
25487
70762
19994
8207
21519
51191
74181
19829
19826
83363
81329
5624
80356
42105
8835
54775
76021
19345
82425
7801
68725
58338
85668
78914
81622
46159
72907
54936
63542
76698
73480
340
7341
13810
30525
25568
30749
70138
11705
15735
50185
84225
61286
14874
13736
33314
23293
27099
66702
2802
49556
9932
38757
45837
38477
70459
57713
33543
24641
52743
87964
77357
32967
19026
12284
78343
40812
72217
8017
89041
33442
39831
48936
66796
47661
1449
78448
50443
49789
83317
32497
50038
47203
84931
396
53387
54274
23901
40081
10711
77903
26511
9679
75943
1073
67121
5743
72837
60949
4439
77087
9894
77389
35938
34256
80969
31426
20045
29432
33693
54186
1985
69177
60891
72557
47222
69745
70956
45509
44452
72900
74639
28097
58846
46162
38650
31870
70111
30239
35590
52202
18173
35691
77360
6346
7681
33337
87088
49120
333
66988
42853
86484
53641
78824
82278
69392
44549
71929
33223
30006
31915
57471
58031
6156
83024
71899
37190
45949
9386
67237
60686
76588
77208
41524
7604
10201
61665
13007
3243
45413
62635
71910
84657
19130
74484
32030
20274
31326
33604
84829
6438
17602
81778
44314
10847
88772
81044
35090
21609
31623
1660
21837
1156
61000
89102
8272
507
23296
76591
52560
53793
56978
79644
14682
31959
11975
73937
71285
7682
70189
76055
70529
70532
1467
32345
51370
29266
71045
30514
43313
23194
60356
55999
11210
50902
55687
35538
2170
81188
53791
42414
56069
56972
77734
85818
70905
44244
62225
88786
30041
36561
54250
1566
54429
60501
50618
45957
88142
12804
77149
79187
21763
8881
55131
35425
62799
26887
42561
85275
52110
45944
79519
11474
36618
697
14065
22101
37026
75945
16383
2803
56002
57403
79792
72235
68787
88927
17604
15798
19235
31302
48764
21646
72546
34944
42727
14014
45708
88899
36562
33336
70113
18946
27403
21447
22961
80525
55664
35351
79285
15227
24733
68441
61837
39449
86418
68482
40514
80287
45256
68716
4749
4970
10401
60007
30584
28935
60042
736
26250
33724
69442
86420
84584
14953
70196
88678
27211
51230
66004
28800
14887
47898
11485
32803
21451
73622
87999
61447
48839
21183
18261
5251
28802
51099
81894
79268
63499
55170
83269
88917
7556
66727
44067
51321
68202
61535
50309
72174
5663
20374
66573
59067
47307
9265
51504
28787
7359
18688
69817
23829
62601
70460
21011
56788
71263
78621
76889
53157
15359
52088
71299
19457
37084
43210
72475
79335
68188
28789
29879
34644
38548
28094
30654
68874
25188
23585
58580
81761
16613
19207
24051
9713
66163
63651
24376
8376
3236
87077
5252
72290
69574
86889
52155
31092
6207
85422
8574
73205
68755
60582
327
61540
45473
82169
37591
14018
50153
12214
88598
83041
71949
53166
56405
50253
21525
6439
50936
83139
64053
38990
13408
80325
56487
28823
29030
80862
36314
15444
36302
32947
88561
11687
80462
31672
73485
80973
62103
88058
48177
1448
77188
618
33765
54458
52550
49123
70907
29475
89039
32347
51853
37246
1236
86029
64445
80028
79631
60333
65470
14272
17512
19129
60006
58623
58014
55234
29169
74335
62875
19540
8103
3047
15315
77656
8790
51136
67545
6740
5210
76824
42616
38953
59959
28381
78114
54394
75494
3738
7282
31310
23993
59503
4097
37425
56486
47075
74625
36182
34410
35550
50547
22135
27209
25032
10319
52168
69164
57166
8398
59521
18200
34164
41214
61610
59732
67111
554
23944
3040
77707
87046
37564
58043
35428
1640
51263
19217
52931
6613
50039
46975
84226
14608
72089
69908
35163
43247
7989
57170
66070
79259
68603
63965
15514
10903
4797
64031
63498
3259
10366
59868
82080
13993
31374
75937
3206
25030
7914
8209
56422
75304
34822
41347
60814
68870
78198
63619
89115
6399
74148
80107
10528
48957
72506
44430
50554
43174
9882
70480
24174
37119
1297
70858
23748
78579
13575
6519
89111
29906
5102
30520
53880
5373
71724
19998
56496
55543
39337
22958
20604
65891
56588
15422
81692
29446
12690
8702
31808
26280
58524
55797
14825
37569
77562
60288
79276
42597
59967
19308
28482
80884
28082
83098
25445
38925
27141
69438
77953
7992
8015
47797
52313
39850
79702
33566
10482
76494
83349
77895
1644
52919
3628
46158
79245
53232
1957
63440
49010
44238
55103
37090
19309
57417
69463
24403
55244
27927
42861
41209
20484
82429
36534
8372
59927
51591
49450
13252
77138
32745
36417
34255
29713
70854
35268
41884
86516
48021
19542
77856
25059
83289
55482
77787
54456
57192
81004
78111
2264
65050
22834
71316
78345
27429
25641
58018
25277
41971
32907
7258
5396
12481
8270
71406
71105
26985
17811
73033
71571
88937
48909
82548
23699
9691
30294
49262
36911
62706
36496
76213
14890
39842
32886
81020
49135
74303
83425
65725
78530
81228
87684
79367
34723
83263
85209
32073
3799
81389
52663
34103
18157
23897
15992
17151
57815
51395
75314
33722
58365
14724
8061
81257
27877
35222
60036
30754
52918
83562
20621
65783
59132
9684
75072
68786
5181
50016
75497
4781
61607
54170
66498
1990
51093
68834
73176
53266
76327
80323
22978
12688
35788
81198
66265
46712
66867
8260
87818
77474
63507
2832
43048
7661
25052
33720
59971
75748
52216
5297
52569
46345
68969
77044
58582
9581
52762
53057
29717
72020
58082
6517
2175
18263
89100
72450
19924
39605
83878
17052
34490
83257
31332
60109
76465
77817
29727
73592
85523
7802
84408
42287
67723
67120
30471
18926
81160
48390
21446
65874
33124
82994
46707
15870
7279
27814
38935
42385
35070
80517
30905
38184
34000
9288
15987
65038
30240
72067
43257
46455
63363
61130
23693
45340
74069
15669
78676
48709
80097
47149
6899
63645
2695
558
74351
26958
72387
13812
81683
21608
24333
57087
38408
8451
61615
23486
52753
48389
2219
31796
80531
85646
57224
8901
9264
51720
18916
48382
28043
61664
55690
48710
86517
52577
77952
53349
16897
5484
50001
59785
25483
11325
2539
20435
33928
22959
37432
88062
39159
55638
32795
38776
4945
16068
81783
29277
42060
37004
83140
62368
59231
3767
43229
50543
82296
21648
75302
66532
42647
76731
75303
350
44033
68129
24978
37273
47985
83228
33407
80473
75498
82252
79501
2534
14581
27722
78481
67958
52671
50040
39929
29747
82496
14728
30907
54009
77794
86564
71578
35433
77645
80464
38473
87276
50355
71107
81021
7256
87045
78947
38526
54487
40662
53233
36650
48158
12110
42197
258
5840
4051
75239
11417
24909
81796
49664
10826
81322
82378
44310
65967
44075
26883
77560
72980
11061
8052
64780
19925
35223
84680
47150
2320
10554
74998
61086
46287
88366
86035
83980
69761
87742
63485
19394
11486
75063
30259
2796
33695
40530
60289
23231
30875
31287
43306
81998
1009
49077
61051
28445
16328
78375
5048
68399
54547
53149
56447
43288
74540
66307
5400
31764
29526
56779
3921
66895
13515
1744
60352
7471
36711
50229
64869
59233
30292
34278
14821
70472
49555
46207
44778
75101
44101
16820
74237
77171
2256
68231
44317
40194
14239
70689
32065
28162
13411
53132
41674
77708
52485
69071
32753
44688
58144
88223
57205
77092
75067
79672
21773
58379
81767
65499
78744
81724
49083
52839
82073
72669
77561
59065
15226
85707
74928
34627
33334
11128
10200
55344
70477
58127
57700
57045
82139
36701
16329
39245
77749
77712
33452
56374
55884
37050
22739
41875
75972
81005
39857
49939
49560
72289
58013
23198
87238
1662
83979
3260
8573
76825
62269
7416
70772
9717
8696
18199
16963
10094
18213
68071
1552
71732
8322
1463
11467
69407
77622
3750
61803
80865
36688
61991
22133
55255
35551
23271
54467
11220
28902
43460
23990
19867
65245
51057
44582
31144
54484
17399
76690
10979
33307
34777
1166
10822
10596
52714
1864
62416
60122
30862
25058
75335
13735
70537
79703
38407
31372
24045
61248
11621
70771
41532
77454
10900
25633
42361
69028
50622
77891
56637
33007
7104
61586
76519
86073
75095
6452
25206
69145
35767
45552
19990
55882
23356
68461
38524
72524
54526
42465
58339
81917
23856
7935
9939
72877
40381
68748
18327
71670
72063
5532
8711
73831
61529
40820
2678
44789
62724
33462
83810
29645
56550
80423
35426
52268
24714
70848
24332
67206
82069
26919
85066
84264
2343
14602
30699
65462
62239
19833
21673
28941
73830
7322
51692
41121
15680
34340
72689
34771
28788
81046
889
24867
56365
79715
56974
40099
72065
40342
2907
23895
81457
83253
77335
24932
78747
82574
67912
52175
62391
80765
48178
68121
20181
7342
68251
85454
54478
53380
61295
72385
32899
32902
61358
48335
35218
64845
33310
57408
65168
30752
70978
54997
26918
46860
4463
21615
1916
7974
47830
8216
53365
51214
82578
68761
64963
33175
65894
82438
49451
79288
29961
65177
58914
50090
25420
4677
42202
75786
73779
38874
3688
55232
2393
7784
72908
11516
24734
28156
36664
